86
-6299840112371722030 6055626312238697618 1501603963664753304 3 94 0 2020-10-31T13:18:31.013Z
8386796287445613123 6055626312238697618 6055626312238697618 3 93 0 2020-10-31T13:18:31.013Z
-648742590817300803 6055626312238697618 6055626312238697618 3 88 0 2020-10-31T13:18:31.013Z
2039878584981451060 6055626312238697618 9205925740516531869 7 87 0 2020-10-31T13:18:31.013Z
-9029345705124547883 6055626312238697618 6055626312238697618 3 84 0 2020-10-31T13:18:31.013Z
-4389367854859963609 6055626312238697618 921404387224230791 7 89 0 2020-10-31T13:18:31.013Z
6467986846037960545 6055626312238697618 6055626312238697618 3 80 0 2020-10-31T13:18:31.013Z
-7332342674037930316 6055626312238697618 8363872389431235896 7 77 0 2020-10-31T13:18:31.013Z
3943782762232411475 6055626312238697618 -4757800846932610254 7 81 0 2020-10-31T13:18:31.013Z
-6769901067812933570 6055626312238697618 6055626312238697618 3 76 0 2020-10-31T13:18:31.013Z
720767467183456413 6055626312238697618 6281088191278819618 7 85 0 2020-10-31T13:18:31.013Z
-9193022610098450478 6055626312238697618 6055626312238697618 3 74 0 2020-10-31T13:18:31.013Z
6947280117795530815 6055626312238697618 6055626312238697618 3 91 0 2020-10-31T13:18:31.013Z
-4925102162715920013 6055626312238697618 4317201005112257100 7 67 0 2020-10-31T13:18:31.013Z
9047846096506990343 6055626312238697618 6055626312238697618 3 66 0 2020-10-31T13:18:31.013Z
-7750225320719279172 6055626312238697618 -4272743986581486038 7 65 0 2020-10-31T13:18:31.013Z
5673229258360801806 6055626312238697618 6055626312238697618 3 62 0 2020-10-31T13:18:31.013Z
5553073109401090316 6055626312238697618 7611509664382740723 7 73 0 2020-10-31T13:18:31.013Z
-3798058013261567342 6055626312238697618 6055626312238697618 3 57 0 2020-10-31T13:18:31.013Z
-8134966284533241480 6055626312238697618 -2035486264706075290 7 61 0 2020-10-31T13:18:31.013Z
7142925650542356086 6055626312238697618 -6803579770464401333 7 52 0 2020-10-31T13:18:31.013Z
7831432837750181423 6055626312238697618 6055626312238697618 3 53 0 2020-10-31T13:18:31.013Z
-1563508225865804996 6055626312238697618 6055626312238697618 3 51 0 2020-10-31T13:18:31.013Z
8933305532932320373 6055626312238697618 6055626312238697618 3 20 0 2020-10-31T13:18:31.013Z
3047262275250139082 6055626312238697618 5860372386314805530 7 92 0 2020-10-31T13:18:31.013Z
-5474780756145085390 6055626312238697618 8710972228775240443 7 69 0 2020-10-31T13:18:31.013Z
-2289011425223022076 6055626312238697618 6055626312238697618 3 60 0 2020-10-31T13:18:31.013Z
6115764018477819715 6055626312238697618 6055626312238697618 3 16 0 2020-10-31T13:18:31.013Z
4509767607449158081 6055626312238697618 6055626312238697618 3 68 0 2020-10-31T13:18:31.013Z
122284973832649219 6055626312238697618 6055626312238697618 3 6 0 2020-10-31T13:18:31.013Z
-4077150871337115688 6055626312238697618 6055626312238697618 3 25 0 2020-10-31T13:18:31.013Z
-3839391988379645355 6055626312238697618 6055626312238697618 3 33 0 2020-10-31T13:18:31.013Z
4754242899297213055 6055626312238697618 6055626312238697618 3 35 0 2020-10-31T13:18:31.013Z
-6208911695618902911 6055626312238697618 -8831876165731928408 7 63 0 2020-10-31T13:18:31.013Z
828311236823522133 6055626312238697618 6055626312238697618 3 39 0 2020-10-31T13:18:31.013Z
-6292639279101111081 6055626312238697618 -9188911595501735611 7 19 0 2020-10-31T13:18:31.013Z
5800312799888458366 6055626312238697618 -4489133755804210264 7 5 0 2020-10-31T13:18:31.013Z
7787222726265457676 6055626312238697618 6055626312238697618 3 14 0 2020-10-31T13:18:31.013Z
4702144396094616238 6055626312238697618 -4741828807317675422 7 3 0 2020-10-31T13:18:31.013Z
-7782726918917659436 6055626312238697618 6055626312238697618 3 23 0 2020-10-31T13:18:31.013Z
-6777606593431016451 -4019499085898491061 6055626312238697618 3 2 0 2020-10-31T13:18:31.013Z
-4666177614557667588 6055626312238697618 -9188862463128671122 7 17 0 2020-10-31T13:18:31.013Z
1583188438185117936 6055626312238697618 -5568487227872489531 7 9 0 2020-10-31T13:18:31.013Z
8812411112611658474 6055626312238697618 6055626312238697618 3 27 0 2020-10-31T13:18:31.013Z
-2485287800911279619 6055626312238697618 6055626312238697618 3 12 0 2020-10-31T13:18:31.013Z
5175604764058007281 6055626312238697618 -1710922865317330879 7 28 0 2020-10-31T13:18:31.013Z
-3222636185277457063 2320897303228782992 -4019499085898491061 3 0 0 2020-10-31T13:18:31.013Z
-4596034700928108781 6055626312238697618 -2783410894318449489 7 79 0 2020-10-31T13:18:31.013Z
-3545100806632631203 6055626312238697618 -6101067875370750050 7 11 0 2020-10-31T13:18:31.013Z
9126628053695513444 6055626312238697618 3341721028872681098 7 54 0 2020-10-31T13:18:31.013Z
8495612519929899553 -4019499085898491061 608574164766393951 7 1 0 2020-10-31T13:18:31.013Z
4224804604137128885 6055626312238697618 -1960327623929992205 7 50 0 2020-10-31T13:18:31.013Z
8873512754922833074 6055626312238697618 -7446329425714248903 7 30 0 2020-10-31T13:18:31.013Z
-4187018184808295050 6055626312238697618 6055626312238697618 3 37 0 2020-10-31T13:18:31.013Z
-8940875031082700524 6055626312238697618 6055626312238697618 3 55 0 2020-10-31T13:18:31.013Z
-6703808668204658337 6055626312238697618 4331570019043629339 7 7 0 2020-10-31T13:18:31.013Z
-3530923772872416227 6055626312238697618 2020355332500008396 7 40 0 2020-10-31T13:18:31.013Z
-3542442177274386792 6055626312238697618 7147965632590311918 7 24 0 2020-10-31T13:18:31.013Z
-9190604456269355364 6055626312238697618 6055626312238697618 3 86 0 2020-10-31T13:18:31.013Z
-4449157850142712818 6055626312238697618 -1685809655283084517 7 83 0 2020-10-31T13:18:31.013Z
1595655975053183480 6055626312238697618 6055626312238697618 3 10 0 2020-10-31T13:18:31.013Z
3985179290829589469 6055626312238697618 266643623604323587 7 13 0 2020-10-31T13:18:31.013Z
-3862964961874963071 6055626312238697618 6055626312238697618 3 8 0 2020-10-31T13:18:31.013Z
694620282464467250 6055626312238697618 -6694513782417480710 7 75 0 2020-10-31T13:18:31.013Z
5561173100813850902 6055626312238697618 5885709452182366729 7 26 0 2020-10-31T13:18:31.013Z
-44572786249440656 6055626312238697618 358417505832810297 7 56 0 2020-10-31T13:18:31.013Z
4596831893605003568 6055626312238697618 -4216259928394101014 7 21 0 2020-10-31T13:18:31.013Z
5273941536537190127 6055626312238697618 3246885486240393466 7 46 0 2020-10-31T13:18:31.013Z
-1695171125217202125 6055626312238697618 6055626312238697618 3 47 0 2020-10-31T13:18:31.013Z
-5617266376498502883 6055626312238697618 9154193054747815895 7 32 0 2020-10-31T13:18:31.013Z
-7658769272493135225 6055626312238697618 6055626312238697618 3 29 0 2020-10-31T13:18:31.013Z
4533609188556845643 6055626312238697618 6055626312238697618 3 31 0 2020-10-31T13:18:31.013Z
-5542905483831024195 6055626312238697618 6372816738328468104 7 34 0 2020-10-31T13:18:31.013Z
-6304996310474832605 6055626312238697618 2498063656084554170 7 58 0 2020-10-31T13:18:31.013Z
-6108238805657976476 6055626312238697618 -3803861018242406225 7 44 0 2020-10-31T13:18:31.013Z
3497739471223596727 6055626312238697618 1730692530428203602 7 48 0 2020-10-31T13:18:31.013Z
6351238711690167488 6055626312238697618 6977851711196583676 7 36 0 2020-10-31T13:18:31.013Z
382736903606681538 6055626312238697618 4607765556651901068 7 38 0 2020-10-31T13:18:31.013Z
-4610687568343836097 6055626312238697618 6055626312238697618 3 41 0 2020-10-31T13:18:31.013Z
4141742055110824126 6055626312238697618 -6849907880327641470 7 42 0 2020-10-31T13:18:31.013Z
-4313013643479817721 6055626312238697618 6055626312238697618 3 45 0 2020-10-31T13:18:31.013Z
-3693314325262030365 6055626312238697618 4376089201506465481 7 15 0 2020-10-31T13:18:31.013Z
6920832999829197254 6055626312238697618 6055626312238697618 3 49 0 2020-10-31T13:18:31.013Z
-8668189085045311559 6055626312238697618 6055626312238697618 3 82 0 2020-10-31T13:18:31.013Z
-5171259870426771439 6055626312238697618 6055626312238697618 3 64 0 2020-10-31T13:18:31.013Z
4307841157752901106 6055626312238697618 6055626312238697618 3 43 0 2020-10-31T13:18:31.013Z
