48
1501603963664753304 0
6055626312238697618 1
2320897303228782992 2
-4019499085898491061 3
5860372386314805530 4
921404387224230791 5
6281088191278819618 6
-4757800846932610254 7
4317201005112257100 8
-4272743986581486038 9
-6803579770464401333 10
358417505832810297 11
-1960327623929992205 12
7611509664382740723 13
1730692530428203602 14
-1685809655283084517 15
-2783410894318449489 16
3341721028872681098 17
-4216259928394101014 18
266643623604323587 19
-6101067875370750050 20
4376089201506465481 21
-9188862463128671122 22
-4741828807317675422 23
9205925740516531869 24
8363872389431235896 25
608574164766393951 26
4331570019043629339 27
5885709452182366729 28
6977851711196583676 29
-5568487227872489531 30
2498063656084554170 31
7147965632590311918 32
-1710922865317330879 33
8710972228775240443 34
-9188911595501735611 35
-7446329425714248903 36
9154193054747815895 37
6372816738328468104 38
4607765556651901068 39
-6694513782417480710 40
2020355332500008396 41
-8831876165731928408 42
-4489133755804210264 43
-6849907880327641470 44
-3803861018242406225 45
-2035486264706075290 46
3246885486240393466 47