48
1501603963664753304 1
6055626312238697618 1
2320897303228782992 1
-4019499085898491061 1
5860372386314805530 2
921404387224230791 2
6281088191278819618 2
-4757800846932610254 2
4317201005112257100 2
-4272743986581486038 2
-6803579770464401333 2
358417505832810297 2
-1960327623929992205 2
7611509664382740723 2
1730692530428203602 2
-1685809655283084517 2
-2783410894318449489 2
3341721028872681098 2
-4216259928394101014 2
266643623604323587 2
-6101067875370750050 2
4376089201506465481 2
-9188862463128671122 2
-4741828807317675422 2
9205925740516531869 2
8363872389431235896 2
608574164766393951 2
4331570019043629339 2
5885709452182366729 2
6977851711196583676 2
-5568487227872489531 2
2498063656084554170 2
7147965632590311918 2
-1710922865317330879 2
8710972228775240443 2
-9188911595501735611 2
-7446329425714248903 2
9154193054747815895 2
6372816738328468104 2
4607765556651901068 2
-6694513782417480710 2
2020355332500008396 2
-8831876165731928408 2
-4489133755804210264 2
-6849907880327641470 2
-3803861018242406225 2
-2035486264706075290 2
3246885486240393466 2
