86
1 0 3
1 1 3
1 1 3
1 24 7
1 1 3
1 5 7
1 1 3
1 25 7
1 7 7
1 1 3
1 6 7
1 1 3
1 1 3
1 8 7
1 1 3
1 9 7
1 1 3
1 13 7
1 1 3
1 46 7
1 10 7
1 1 3
1 1 3
1 1 3
1 4 7
1 34 7
1 1 3
1 1 3
1 1 3
1 1 3
1 1 3
1 1 3
1 1 3
1 42 7
1 1 3
1 35 7
1 43 7
1 1 3
1 23 7
1 1 3
3 1 3
1 22 7
1 30 7
1 1 3
1 1 3
1 33 7
2 3 3
1 16 7
1 20 7
1 17 7
3 26 7
1 12 7
1 36 7
1 1 3
1 1 3
1 27 7
1 41 7
1 32 7
1 1 3
1 15 7
1 1 3
1 19 7
1 1 3
1 40 7
1 28 7
1 11 7
1 18 7
1 47 7
1 1 3
1 37 7
1 1 3
1 1 3
1 38 7
1 31 7
1 45 7
1 14 7
1 29 7
1 39 7
1 1 3
1 44 7
1 1 3
1 21 7
1 1 3
1 1 3
1 1 3
1 1 3