95
-5462846176903284708 -5028380886793076046 -5028380886793076046 3 93 0 2020-10-31T13:18:31.013Z
45971882185287902 -2240328136981788851 -5028380886793076046 14 92 0 2020-10-31T13:18:31.013Z
-3688899762125048142 -5028380886793076046 -2240328136981788851 7 91 0 2020-10-31T13:18:31.013Z
3311937868345355457 -5028380886793076046 -5028380886793076046 3 88 0 2020-10-31T13:18:31.013Z
-538526856716345045 -5028380886793076046 -748918520026659244 7 87 0 2020-10-31T13:18:31.013Z
2060165558566865199 -5028380886793076046 -5028380886793076046 3 86 0 2020-10-31T13:18:31.013Z
-5163360717658513551 -5028380886793076046 921404387224230791 7 85 0 2020-10-31T13:18:31.013Z
830007502463938595 -5028380886793076046 -5028380886793076046 3 82 0 2020-10-31T13:18:31.013Z
-9220969083042126230 -5028380886793076046 -5028380886793076046 3 80 0 2020-10-31T13:18:31.013Z
136574772476405866 -5028380886793076046 -6694513782417480710 7 77 0 2020-10-31T13:18:31.013Z
-5796090715760433939 -5028380886793076046 7611509664382740723 7 75 0 2020-10-31T13:18:31.013Z
-2239566671870733928 -5028380886793076046 -5028380886793076046 3 74 0 2020-10-31T13:18:31.013Z
-6202444925351216004 -5028380886793076046 -378523954745854417 7 63 0 2020-10-31T13:18:31.013Z
2462948321183062941 -5028380886793076046 -5028380886793076046 3 62 0 2020-10-31T13:18:31.013Z
6526512383826371415 -5028380886793076046 -5028380886793076046 3 60 0 2020-10-31T13:18:31.013Z
4710786212422242259 -5028380886793076046 -5028380886793076046 3 58 0 2020-10-31T13:18:31.013Z
-7918519794523122121 -5028380886793076046 -5028380886793076046 3 90 0 2020-10-31T13:18:31.013Z
-520607079651893629 -5028380886793076046 -2035486264706075290 7 57 0 2020-10-31T13:18:31.013Z
7592008209320546026 -5028380886793076046 -5028380886793076046 3 56 0 2020-10-31T13:18:31.013Z
5297302200674146107 5601069316483841369 -5028380886793076046 14 95 0 2020-10-31T13:18:31.013Z
-6115173227699288716 -5028380886793076046 1780873962231926049 7 55 0 2020-10-31T13:18:31.013Z
4722024873070190987 -5028380886793076046 -5028380886793076046 3 52 0 2020-10-31T13:18:31.013Z
3317196650602651866 -5028380886793076046 -3471230366490247443 7 51 0 2020-10-31T13:18:31.013Z
-4441237294986357239 -5028380886793076046 -5028380886793076046 3 84 0 2020-10-31T13:18:31.013Z
5877533806204661379 -5028380886793076046 -5028380886793076046 3 50 0 2020-10-31T13:18:31.013Z
5312007044424832862 -5028380886793076046 -5028380886793076046 3 48 0 2020-10-31T13:18:31.013Z
-2136914317211933516 -5028380886793076046 -6803579770464401333 7 47 0 2020-10-31T13:18:31.013Z
1302991199227223303 -5028380886793076046 -5028380886793076046 3 22 0 2020-10-31T13:18:31.013Z
2269783095983146198 -5028380886793076046 -5028380886793076046 3 64 0 2020-10-31T13:18:31.013Z
2900853989782283431 -5028380886793076046 -7817319364082995669 7 59 0 2020-10-31T13:18:31.013Z
7572596037887135847 -5028380886793076046 6977851711196583676 7 21 0 2020-10-31T13:18:31.013Z
-1488622878155390998 -5028380886793076046 -5028380886793076046 3 14 0 2020-10-31T13:18:31.013Z
8695857816362579496 -5028380886793076046 -5028380886793076046 3 20 0 2020-10-31T13:18:31.013Z
5286966204568096716 -7652713565264197634 -4489133755804210264 7 1 0 2020-10-31T13:18:31.013Z
6140841415980636028 -5028380886793076046 -5028380886793076046 3 10 0 2020-10-31T13:18:31.013Z
9144133757170005308 -5028380886793076046 -4715857790645146878 7 67 0 2020-10-31T13:18:31.013Z
-1992731161045215509 -5028380886793076046 -5028380886793076046 3 8 0 2020-10-31T13:18:31.013Z
-2799049539966885577 -5028380886793076046 -5028380886793076046 3 66 0 2020-10-31T13:18:31.013Z
6192351331634204223 -5028380886793076046 -9188911595501735611 7 13 0 2020-10-31T13:18:31.013Z
-5183725677429054589 -5028380886793076046 -5028380886793076046 3 12 0 2020-10-31T13:18:31.013Z
6773718738140575918 -5028380886793076046 4331570019043629339 7 5 0 2020-10-31T13:18:31.013Z
5131441169123915330 -5028380886793076046 -455331957791489316 3 96 0 2020-10-31T13:18:31.013Z
1950554813465902385 -5028380886793076046 3574059191831732759 7 83 0 2020-10-31T13:18:31.013Z
5734078232716494178 -5028380886793076046 -8872375703557512677 7 61 0 2020-10-31T13:18:31.013Z
-5856271533737760647 -5028380886793076046 4376089201506465481 7 11 0 2020-10-31T13:18:31.013Z
-1345485349369614781 -5028380886793076046 3341721028872681098 7 49 0 2020-10-31T13:18:31.013Z
369447417504759570 -5028380886793076046 -5028380886793076046 3 16 0 2020-10-31T13:18:31.013Z
-5492185216014246984 -5028380886793076046 -1960327623929992205 7 43 0 2020-10-31T13:18:31.013Z
3886927269524162750 -5028380886793076046 -5028380886793076046 3 4 0 2020-10-31T13:18:31.013Z
1415256077423093285 -5028380886793076046 7044887487602397008 7 73 0 2020-10-31T13:18:31.013Z
-7281312141457438785 -5028380886793076046 9154193054747815895 7 19 0 2020-10-31T13:18:31.013Z
-238453069747573185 -5028380886793076046 -3666995836233375646 7 89 0 2020-10-31T13:18:31.013Z
-4322380445783748675 -5028380886793076046 -5028380886793076046 3 34 0 2020-10-31T13:18:31.013Z
4075554341556207347 -5028380886793076046 5885709452182366729 7 17 0 2020-10-31T13:18:31.013Z
-7250725122550027164 -5028380886793076046 -5028380886793076046 3 68 0 2020-10-31T13:18:31.013Z
3185794503290389817 -5028380886793076046 358417505832810297 7 53 0 2020-10-31T13:18:31.013Z
6371170361432646368 -5028380886793076046 -1730503747409361005 7 3 0 2020-10-31T13:18:31.013Z
889305955190858359 -5028380886793076046 266643623604323587 7 9 0 2020-10-31T13:18:31.013Z
-2683436937924834670 -5028380886793076046 6874712464546154288 7 71 0 2020-10-31T13:18:31.013Z
2766588139000651715 -5028380886793076046 -5028380886793076046 3 38 0 2020-10-31T13:18:31.013Z
-560251830381306848 3956741735201439091 -7652713565264197634 3 0 0 2020-10-31T13:18:31.013Z
7933367406686267189 -5028380886793076046 1730692530428203602 7 41 0 2020-10-31T13:18:31.013Z
8279264884366342956 -5028380886793076046 -5568487227872489531 7 7 0 2020-10-31T13:18:31.013Z
-7548594390310414160 -5028380886793076046 -2783410894318449489 7 79 0 2020-10-31T13:18:31.013Z
-1687587723406734181 -5028380886793076046 -5028380886793076046 3 44 0 2020-10-31T13:18:31.013Z
-4512933469294017480 -5028380886793076046 7367577331126461256 7 45 0 2020-10-31T13:18:31.013Z
-2762905928639997750 -5028380886793076046 5601069316483841369 7 94 0 2020-10-31T13:18:31.013Z
-1347504709511834745 -7652713565264197634 -5028380886793076046 3 2 0 2020-10-31T13:18:31.013Z
790286293952215989 -5028380886793076046 -5028380886793076046 3 6 0 2020-10-31T13:18:31.013Z
-1903514395262451170 -5028380886793076046 2020355332500008396 7 29 0 2020-10-31T13:18:31.013Z
-5132067353767394966 -5028380886793076046 -5028380886793076046 3 26 0 2020-10-31T13:18:31.013Z
-8953443466903306789 -5028380886793076046 -5028380886793076046 3 72 0 2020-10-31T13:18:31.013Z
-5584207890686632454 -5028380886793076046 1592226955946754744 7 23 0 2020-10-31T13:18:31.013Z
-191065019454320764 -5028380886793076046 -5028380886793076046 3 42 0 2020-10-31T13:18:31.013Z
1839834829104683578 -5028380886793076046 -5028380886793076046 3 24 0 2020-10-31T13:18:31.013Z
-5530548575152455573 -5028380886793076046 -5028380886793076046 3 18 0 2020-10-31T13:18:31.013Z
1695825483607067158 -5028380886793076046 4459832271255849925 7 37 0 2020-10-31T13:18:31.013Z
5086254457421846954 -5028380886793076046 -7446329425714248903 7 25 0 2020-10-31T13:18:31.013Z
6993716293021780408 -5028380886793076046 -5028380886793076046 3 28 0 2020-10-31T13:18:31.013Z
7302907361426041706 -5028380886793076046 -5028380886793076046 3 54 0 2020-10-31T13:18:31.013Z
8126654558305535511 -5028380886793076046 -5028380886793076046 3 30 0 2020-10-31T13:18:31.013Z
-3154480083303270816 -5028380886793076046 -5028380886793076046 3 32 0 2020-10-31T13:18:31.013Z
2409197164318720146 -5028380886793076046 -4216259928394101014 7 15 0 2020-10-31T13:18:31.013Z
5239045219941940702 -5028380886793076046 6372816738328468104 7 27 0 2020-10-31T13:18:31.013Z
-1349068591287661288 -5028380886793076046 -3803861018242406225 7 35 0 2020-10-31T13:18:31.013Z
-5212707248751062315 -5028380886793076046 -6849907880327641470 7 31 0 2020-10-31T13:18:31.013Z
-2971830733338759370 -5028380886793076046 4607765556651901068 7 33 0 2020-10-31T13:18:31.013Z
-40717372170845290 -5028380886793076046 -5028380886793076046 3 76 0 2020-10-31T13:18:31.013Z
-723837954775168607 -5028380886793076046 -5028380886793076046 3 36 0 2020-10-31T13:18:31.013Z
4501634039711712304 -5028380886793076046 -5679852486985335260 7 81 0 2020-10-31T13:18:31.013Z
-6607753222489587009 -5028380886793076046 3246885486240393466 7 39 0 2020-10-31T13:18:31.013Z
-4452329951090991856 -5028380886793076046 -5028380886793076046 3 40 0 2020-10-31T13:18:31.013Z
4622769413449263687 -5028380886793076046 -5028380886793076046 3 78 0 2020-10-31T13:18:31.013Z
4012432098426445030 -5028380886793076046 4317201005112257100 7 65 0 2020-10-31T13:18:31.013Z
8277125100591865041 -5028380886793076046 -5028380886793076046 3 46 0 2020-10-31T13:18:31.013Z
