50
-455331957791489316 0
-5028380886793076046 1
3956741735201439091 2
-7652713565264197634 3
5601069316483841369 4
-3666995836233375646 5
-748918520026659244 6
921404387224230791 7
3574059191831732759 8
-5679852486985335260 9
6874712464546154288 10
-4715857790645146878 11
4317201005112257100 12
-378523954745854417 13
-8872375703557512677 14
-7817319364082995669 15
1780873962231926049 16
-6803579770464401333 17
9154193054747815895 18
-2783410894318449489 19
7044887487602397008 20
3341721028872681098 21
-4216259928394101014 22
4376089201506465481 23
-1730503747409361005 24
266643623604323587 25
5885709452182366729 26
4331570019043629339 27
1592226955946754744 28
7611509664382740723 29
1730692530428203602 30
-9188911595501735611 31
-7446329425714248903 32
358417505832810297 33
-3471230366490247443 34
-1960327623929992205 35
6372816738328468104 36
4607765556651901068 37
-6694513782417480710 38
4459832271255849925 39
2020355332500008396 40
6977851711196583676 41
-5568487227872489531 42
7367577331126461256 43
-4489133755804210264 44
-6849907880327641470 45
-2240328136981788851 46
-3803861018242406225 47
-2035486264706075290 48
3246885486240393466 49