50
-455331957791489316 1
-5028380886793076046 1
3956741735201439091 1
-7652713565264197634 1
5601069316483841369 2
-3666995836233375646 2
-748918520026659244 2
921404387224230791 2
3574059191831732759 2
-5679852486985335260 2
6874712464546154288 2
-4715857790645146878 2
4317201005112257100 2
-378523954745854417 2
-8872375703557512677 2
-7817319364082995669 2
1780873962231926049 2
-6803579770464401333 2
9154193054747815895 2
-2783410894318449489 2
7044887487602397008 2
3341721028872681098 2
-4216259928394101014 2
4376089201506465481 2
-1730503747409361005 2
266643623604323587 2
5885709452182366729 2
4331570019043629339 2
1592226955946754744 2
7611509664382740723 2
1730692530428203602 2
-9188911595501735611 2
-7446329425714248903 2
358417505832810297 2
-3471230366490247443 2
-1960327623929992205 2
6372816738328468104 2
4607765556651901068 2
-6694513782417480710 2
4459832271255849925 2
2020355332500008396 2
6977851711196583676 2
-5568487227872489531 2
7367577331126461256 2
-4489133755804210264 2
-6849907880327641470 2
-2240328136981788851 2
-3803861018242406225 2
-2035486264706075290 2
3246885486240393466 2
