73
95294751732990818 -8964952486573412780 -6532091669588858580 7 100 0 2020-10-31T13:18:31.013Z
9004507962089069723 4313661683705342717 -8964952486573412780 14 99 0 2020-10-31T13:18:31.013Z
-8430710240290906168 -8964952486573412780 3873546912833720655 7 98 0 2020-10-31T13:18:31.013Z
-7847441268994512272 -8964952486573412780 1404389661225502000 7 94 0 2020-10-31T13:18:31.013Z
-715462458325831822 -8964952486573412780 -8721913657871279129 7 86 0 2020-10-31T13:18:31.013Z
1298957106370021795 -8964952486573412780 2312460343023173089 7 84 0 2020-10-31T13:18:31.013Z
6223849873790647911 -340346232836785369 -8964952486573412780 14 81 0 2020-10-31T13:18:31.013Z
6042342503702938151 -8964952486573412780 -4740696498502589790 7 78 0 2020-10-31T13:18:31.013Z
-7362682413263708097 1404389661225502000 -8964952486573412780 14 95 0 2020-10-31T13:18:31.013Z
2831848433046432789 -8964952486573412780 5990189600803864700 7 76 0 2020-10-31T13:18:31.013Z
2732007962303438316 -8964952486573412780 -4754960797459034347 7 74 0 2020-10-31T13:18:31.013Z
4485005760524176976 -2976261238901545257 -8964952486573412780 14 71 0 2020-10-31T13:18:31.013Z
9188150213555689807 4772254197033237429 -8964952486573412780 14 73 0 2020-10-31T13:18:31.013Z
-7836245988293612057 -8964952486573412780 4492759754366913590 7 70 0 2020-10-31T13:18:31.013Z
-6753221441362386475 4516365703603178666 -8964952486573412780 14 31 0 2020-10-31T13:18:31.013Z
5805594569178636286 -8964952486573412780 4313661683705342717 7 48 0 2020-10-31T13:18:31.013Z
-3548431964541362871 -8964952486573412780 4516365703603178666 7 30 0 2020-10-31T13:18:31.013Z
1116132042361324667 -8964952486573412780 -902828017179399574 7 60 0 2020-10-31T13:18:31.013Z
894055136661223699 -8964952486573412780 -1208869538847740671 7 32 0 2020-10-31T13:18:31.013Z
-783629178453196130 -8964952486573412780 -8565564987192613315 7 8 0 2020-10-31T13:18:31.013Z
-4363131981657265411 -8964952486573412780 -2976261238901545257 7 34 0 2020-10-31T13:18:31.013Z
5379422266997181434 -8964952486573412780 1860638157120548603 7 6 0 2020-10-31T13:18:31.013Z
-3189474593907875962 -8964952486573412780 2242719992591152822 7 12 0 2020-10-31T13:18:31.013Z
4130932512964277647 -8964952486573412780 3550313541876899204 7 28 0 2020-10-31T13:18:31.013Z
-3034130251077627765 -8964952486573412780 -6122337503813953674 7 52 0 2020-10-31T13:18:31.013Z
-8745351951663185439 -8964952486573412780 5802961580709881968 7 2 0 2020-10-31T13:18:31.013Z
-1079553427217083842 -8964952486573412780 2330536048602741293 7 0 0 2020-10-31T13:18:31.013Z
3655738108633289567 -6209431288229273986 -8964952486573412780 14 101 0 2020-10-31T13:18:31.013Z
7582933406641821418 -8964952486573412780 -3317860231471008163 7 88 0 2020-10-31T13:18:31.013Z
-2858834621527256777 4526724992248440088 -8964952486573412780 14 25 0 2020-10-31T13:18:31.013Z
4556360457745881010 -8964952486573412780 7606024353721937002 7 54 0 2020-10-31T13:18:31.013Z
-8209593968790366536 -8964952486573412780 -5009040368521775516 7 26 0 2020-10-31T13:18:31.013Z
1481172565413577341 -8964952486573412780 -5701587238044607229 7 4 0 2020-10-31T13:18:31.013Z
-2174756237729653654 -8964952486573412780 -980775627162984381 7 18 0 2020-10-31T13:18:31.013Z
5552504863906506270 2330536048602741293 -8964952486573412780 14 9 0 2020-10-31T13:18:31.013Z
5589457569657592291 -8964952486573412780 7373112648226113134 7 20 0 2020-10-31T13:18:31.013Z
-694422270010856889 -8964952486573412780 2021296668228501134 7 16 0 2020-10-31T13:18:31.013Z
6268709274655172481 -8964952486573412780 4526724992248440088 7 10 0 2020-10-31T13:18:31.013Z
-3715157559228015196 -8964952486573412780 -6209431288229273986 7 14 0 2020-10-31T13:18:31.013Z
7321321744519002279 -8964952486573412780 -5879326435444093071 7 96 0 2020-10-31T13:18:31.013Z
-5437479183945277679 -8964952486573412780 11184211258599969 7 36 0 2020-10-31T13:18:31.013Z
-6611357492171794407 -8964952486573412780 -5523554598022568350 7 92 0 2020-10-31T13:18:31.013Z
-2533412828456966718 -8964952486573412780 6467022957263362098 7 82 0 2020-10-31T13:18:31.013Z
-5608494782172327814 -8964952486573412780 -3696248783237380134 7 50 0 2020-10-31T13:18:31.013Z
-4294939959663923768 2021296668228501134 -8964952486573412780 14 17 0 2020-10-31T13:18:31.013Z
1880738512042352376 7373112648226113134 -8964952486573412780 14 61 0 2020-10-31T13:18:31.013Z
-2320929727567673899 1860638157120548603 -8964952486573412780 14 41 0 2020-10-31T13:18:31.013Z
8331698754625394369 -8964952486573412780 -7327440667975079842 7 44 0 2020-10-31T13:18:31.013Z
-5142883761290158556 2312460343023173089 -8964952486573412780 14 85 0 2020-10-31T13:18:31.013Z
4850906485264745489 -8964952486573412780 3402410399474395387 7 46 0 2020-10-31T13:18:31.013Z
7963409367352100777 -8964952486573412780 -2050639292573124417 7 40 0 2020-10-31T13:18:31.013Z
-4053699175908072985 -8565564987192613315 -8964952486573412780 14 37 0 2020-10-31T13:18:31.013Z
7314576765166596958 -5009040368521775516 -8964952486573412780 14 47 0 2020-10-31T13:18:31.013Z
-1351638520496959963 -8964952486573412780 1120601197583658959 7 38 0 2020-10-31T13:18:31.013Z
8380027881136086228 -7327440667975079842 -8964952486573412780 14 51 0 2020-10-31T13:18:31.013Z
-4453803727066820930 -8964952486573412780 7700451503787671142 7 56 0 2020-10-31T13:18:31.013Z
1249954849520801189 -7942779180521228104 -8964952486573412780 14 97 0 2020-10-31T13:18:31.013Z
9174389089659432724 -8964952486573412780 -340346232836785369 7 80 0 2020-10-31T13:18:31.013Z
-6534663929013136595 -8964952486573412780 5359160827041942538 7 58 0 2020-10-31T13:18:31.013Z
-3788311936315875312 -4740696498502589790 -8964952486573412780 14 87 0 2020-10-31T13:18:31.013Z
7562173667539518781 -8964952486573412780 8664928025133015564 7 62 0 2020-10-31T13:18:31.013Z
2700762228740400288 8664928025133015564 -8964952486573412780 14 63 0 2020-10-31T13:18:31.013Z
-7767534378425992243 -8964952486573412780 2952512699036461704 3 90 0 2020-10-31T13:18:31.013Z
4192658328922603097 -8964952486573412780 2566991569282848076 7 64 0 2020-10-31T13:18:31.013Z
-28552845825627746 2952512699036461704 -4079265260475246975 3 91 0 2020-10-31T13:18:31.013Z
-4096628572828799578 7418766389042427521 -8964952486573412780 14 65 0 2020-10-31T13:18:31.013Z
-7471517863520533290 -8964952486573412780 -8710551920340533768 7 66 0 2020-10-31T13:18:31.013Z
-2242649764614289398 -8964952486573412780 4772254197033237429 7 72 0 2020-10-31T13:18:31.013Z
8392811237757983559 -8964952486573412780 7418766389042427521 7 22 0 2020-10-31T13:18:31.013Z
8173927294845640405 -980775627162984381 -8964952486573412780 14 19 0 2020-10-31T13:18:31.013Z
-1119599335905258661 -8964952486573412780 2574435572013586317 7 24 0 2020-10-31T13:18:31.013Z
648587266052021039 -8964952486573412780 6646206384877060529 7 42 0 2020-10-31T13:18:31.013Z
-2413382933066973985 -8964952486573412780 -7942779180521228104 7 68 0 2020-10-31T13:18:31.013Z
