53
-4079265260475246975 0
-8964952486573412780 1
2952512699036461704 2
-6532091669588858580 3
-2050639292573124417 4
-340346232836785369 5
-2976261238901545257 6
-1208869538847740671 7
4516365703603178666 8
5359160827041942538 9
-5879326435444093071 10
7418766389042427521 11
5990189600803864700 12
-8565564987192613315 13
-980775627162984381 14
3550313541876899204 15
1860638157120548603 16
2330536048602741293 17
-5701587238044607229 18
4526724992248440088 19
2242719992591152822 20
-6209431288229273986 21
7373112648226113134 22
11184211258599969 23
2574435572013586317 24
8664928025133015564 25
-5009040368521775516 26
2566991569282848076 27
2021296668228501134 28
3402410399474395387 29
-7327440667975079842 30
4313661683705342717 31
3873546912833720655 32
7606024353721937002 33
-3696248783237380134 34
-6122337503813953674 35
7700451503787671142 36
-7942779180521228104 37
-902828017179399574 38
4772254197033237429 39
-8710551920340533768 40
4492759754366913590 41
5802961580709881968 42
6467022957263362098 43
1120601197583658959 44
6646206384877060529 45
-4754960797459034347 46
-4740696498502589790 47
2312460343023173089 48
-3317860231471008163 49
-8721913657871279129 50
-5523554598022568350 51
1404389661225502000 52