53
-4079265260475246975 1
-8964952486573412780 1
2952512699036461704 1
-6532091669588858580 2
-2050639292573124417 2
-340346232836785369 2
-2976261238901545257 2
-1208869538847740671 2
4516365703603178666 2
5359160827041942538 2
-5879326435444093071 2
7418766389042427521 2
5990189600803864700 2
-8565564987192613315 2
-980775627162984381 2
3550313541876899204 2
1860638157120548603 2
2330536048602741293 2
-5701587238044607229 2
4526724992248440088 2
2242719992591152822 2
-6209431288229273986 2
7373112648226113134 2
11184211258599969 2
2574435572013586317 2
8664928025133015564 2
-5009040368521775516 2
2566991569282848076 2
2021296668228501134 2
3402410399474395387 2
-7327440667975079842 2
4313661683705342717 2
3873546912833720655 2
7606024353721937002 2
-3696248783237380134 2
-6122337503813953674 2
7700451503787671142 2
-7942779180521228104 2
-902828017179399574 2
4772254197033237429 2
-8710551920340533768 2
4492759754366913590 2
5802961580709881968 2
6467022957263362098 2
1120601197583658959 2
6646206384877060529 2
-4754960797459034347 2
-4740696498502589790 2
2312460343023173089 2
-3317860231471008163 2
-8721913657871279129 2
-5523554598022568350 2
1404389661225502000 2
