73
1 3 7
31 1 14
1 32 7
1 52 7
1 50 7
1 48 7
5 1 14
1 47 7
52 1 14
1 12 7
1 46 7
6 1 14
39 1 14
1 41 7
8 1 14
1 31 7
1 8 7
1 38 7
1 7 7
1 13 7
1 6 7
1 16 7
1 20 7
1 15 7
1 35 7
1 42 7
1 17 7
21 1 14
1 49 7
19 1 14
1 33 7
1 26 7
1 18 7
1 14 7
17 1 14
1 22 7
1 28 7
1 19 7
1 21 7
1 10 7
1 23 7
1 51 7
1 43 7
1 34 7
28 1 14
22 1 14
16 1 14
1 30 7
48 1 14
1 29 7
1 4 7
13 1 14
26 1 14
1 44 7
30 1 14
1 36 7
37 1 14
1 5 7
1 9 7
47 1 14
1 25 7
25 1 14
1 2 3
1 27 7
2 0 3
11 1 14
1 40 7
1 39 7
1 11 7
14 1 14
1 24 7
1 45 7
1 37 7