90
-1232156722257023407 -1163981158876802591 305464025771553414 7 318 0 2020-10-31T13:18:31.013Z
1935422907773180362 -8126461101687513147 500585512766024302 7 306 0 2020-10-31T13:18:31.013Z
7232550945943023987 344958562774332166 2289155095778825534 7 296 0 2020-10-31T13:18:31.013Z
-3023925003411809048 344958562774332166 -7752658868772795716 7 293 0 2020-10-31T13:18:31.013Z
2031363154660001923 344958562774332166 500585512766024302 7 291 0 2020-10-31T13:18:31.013Z
1136874996418184270 7765355963137956221 -6091531084354702690 3 286 0 2020-10-31T13:18:31.013Z
7340177339566015885 7765355963137956221 305464025771553414 7 282 0 2020-10-31T13:18:31.013Z
-1961028701255038786 -5061619492140741290 2289155095778825534 7 268 0 2020-10-31T13:18:31.013Z
-8086658651005841449 5318231889744565707 -5061619492140741290 14 264 0 2020-10-31T13:18:31.013Z
4047038351316601511 801157994072739676 2289155095778825534 7 277 0 2020-10-31T13:18:31.013Z
6324387162637556858 -5061619492140741290 5318231889744565707 7 263 0 2020-10-31T13:18:31.013Z
6458021354837706494 -5061619492140741290 -7752658868772795716 7 261 0 2020-10-31T13:18:31.013Z
1607130733690530674 -5061619492140741290 8034540774041176609 7 256 0 2020-10-31T13:18:31.013Z
7302396146802502223 5152083412191600926 -5061619492140741290 3 255 0 2020-10-31T13:18:31.013Z
1669378124297835903 -6795997534277376190 5152083412191600926 14 254 0 2020-10-31T13:18:31.013Z
2565583866256227443 5152083412191600926 4778253701243211228 7 247 0 2020-10-31T13:18:31.013Z
-4931540717950244641 2357244477191288095 5152083412191600926 14 242 0 2020-10-31T13:18:31.013Z
-810234976602695912 2121589702663781146 5152083412191600926 14 238 0 2020-10-31T13:18:31.013Z
3937208342150584538 -3781652381492036266 5152083412191600926 14 246 0 2020-10-31T13:18:31.013Z
-5198260046971501908 5152083412191600926 -6795997534277376190 7 237 0 2020-10-31T13:18:31.013Z
9107036066697185855 -5061619492140741290 500585512766024302 7 259 0 2020-10-31T13:18:31.013Z
-1625776023877775705 5152083412191600926 5721705362729510090 7 235 0 2020-10-31T13:18:31.013Z
5893804481471423208 5152083412191600926 -8210381117968759860 7 233 0 2020-10-31T13:18:31.013Z
8653762764172727978 1274793286506381000 5152083412191600926 14 232 0 2020-10-31T13:18:31.013Z
6753451416098807476 8279917199715665074 305464025771553414 7 287 0 2020-10-31T13:18:31.013Z
-5893793646472787668 -399211103583326807 5152083412191600926 14 188 0 2020-10-31T13:18:31.013Z
-4220693561789086565 5152083412191600926 1048885115500161144 7 185 0 2020-10-31T13:18:31.013Z
453881948125667015 5152083412191600926 -2411910210643341048 7 173 0 2020-10-31T13:18:31.013Z
-3900097588721229599 5152083412191600926 -1711651771919696416 7 243 0 2020-10-31T13:18:31.013Z
-6446063609429275510 5152083412191600926 3774413120474270195 7 191 0 2020-10-31T13:18:31.013Z
-6077345077800838590 3774413120474270195 5152083412191600926 14 192 0 2020-10-31T13:18:31.013Z
7788449498108716626 5152083412191600926 8467855028777060230 7 239 0 2020-10-31T13:18:31.013Z
978837442936431294 5152083412191600926 -2367084756761487476 7 161 0 2020-10-31T13:18:31.013Z
5188396041165941583 5152083412191600926 6444751912738878230 7 227 0 2020-10-31T13:18:31.013Z
8460691314394723916 3949212449088782196 -7542236409170747062 7 299 0 2020-10-31T13:18:31.013Z
9185814688506005727 5152083412191600926 -6736896462886754661 7 181 0 2020-10-31T13:18:31.013Z
77580168086174682 5152083412191600926 -8825498010086381817 7 187 0 2020-10-31T13:18:31.013Z
8971983283605961374 5152083412191600926 7583117949578183045 7 245 0 2020-10-31T13:18:31.013Z
6988441284816706094 5152083412191600926 5276771402097133093 7 177 0 2020-10-31T13:18:31.013Z
548802891033668127 801157994072739676 -7969282874982661437 7 274 0 2020-10-31T13:18:31.013Z
1503028780528859901 5635496527712843355 5152083412191600926 14 198 0 2020-10-31T13:18:31.013Z
-511495969326911827 -6337750167261336601 5152083412191600926 14 236 0 2020-10-31T13:18:31.013Z
-1183492819299533419 5152083412191600926 5688047026888917466 7 201 0 2020-10-31T13:18:31.013Z
5178244180084368941 5152083412191600926 5575938305557955703 7 175 0 2020-10-31T13:18:31.013Z
-2261597410338323660 5152083412191600926 962904689403953009 7 159 0 2020-10-31T13:18:31.013Z
-5701230321948937235 5152083412191600926 -1114966402723172226 7 167 0 2020-10-31T13:18:31.013Z
6446629418269510211 5152083412191600926 -707900371345831488 7 183 0 2020-10-31T13:18:31.013Z
5421143536826394401 -2367084756761487476 5152083412191600926 14 162 0 2020-10-31T13:18:31.013Z
-4686684119992805479 1048885115500161144 5152083412191600926 14 220 0 2020-10-31T13:18:31.013Z
3793152541165065479 5152083412191600926 6784946142803400502 7 169 0 2020-10-31T13:18:31.013Z
-4571981337440782051 -8126461101687513147 2289155095778825534 7 310 0 2020-10-31T13:18:31.013Z
3171345379009820925 801157994072739676 500585512766024302 7 270 0 2020-10-31T13:18:31.013Z
4602545314721124721 5152083412191600926 2357244477191288095 7 241 0 2020-10-31T13:18:31.013Z
3506642743709569313 2746809649310451257 5152083412191600926 14 234 0 2020-10-31T13:18:31.013Z
-4599139486694116253 5152083412191600926 -4970872601502713286 7 157 0 2020-10-31T13:18:31.013Z
-3450898958098982542 5152083412191600926 5635496527712843355 7 197 0 2020-10-31T13:18:31.013Z
-6133680356779859671 5152083412191600926 -1911738362661762108 7 249 0 2020-10-31T13:18:31.013Z
-5459927998717794447 5152083412191600926 6522033027353635021 7 171 0 2020-10-31T13:18:31.013Z
3849743161748674724 -1163981158876802591 -8316433574550656623 3 322 0 2020-10-31T13:18:31.013Z
1467682785802341019 8467855028777060230 5152083412191600926 14 240 0 2020-10-31T13:18:31.013Z
6384250293381465202 5152083412191600926 -105453499750126256 7 189 0 2020-10-31T13:18:31.013Z
3435609280369650724 5152083412191600926 7688045446988068821 7 253 0 2020-10-31T13:18:31.013Z
4746926234250246782 5152083412191600926 1024525893209186036 7 163 0 2020-10-31T13:18:31.013Z
6160825633134848163 5152083412191600926 -2800224082496491079 7 165 0 2020-10-31T13:18:31.013Z
2626281308937929975 5152083412191600926 -2513579585361159818 7 205 0 2020-10-31T13:18:31.013Z
4575920330817898101 801157994072739676 1850780483227128754 7 272 0 2020-10-31T13:18:31.013Z
1369120361932669357 5152083412191600926 -6048206471824405599 7 251 0 2020-10-31T13:18:31.013Z
4487206760454920138 -2411910210643341048 5152083412191600926 14 182 0 2020-10-31T13:18:31.013Z
-3602960810611645075 5152083412191600926 -1241793622328741217 7 203 0 2020-10-31T13:18:31.013Z
-8126260741352710202 5152083412191600926 6472405619221695782 7 207 0 2020-10-31T13:18:31.013Z
986379877000920511 5152083412191600926 3793607117168696168 7 193 0 2020-10-31T13:18:31.013Z
-242414448641049714 5152083412191600926 -6337750167261336601 7 209 0 2020-10-31T13:18:31.013Z
-2485415779914681686 5152083412191600926 8445297539000538450 7 211 0 2020-10-31T13:18:31.013Z
-5741615561783573370 5152083412191600926 8062332749628046795 7 195 0 2020-10-31T13:18:31.013Z
7134125810558575636 5152083412191600926 -816257281543293466 7 213 0 2020-10-31T13:18:31.013Z
-5256135482992466474 5152083412191600926 7911811504999844900 7 215 0 2020-10-31T13:18:31.013Z
2261713036204766518 5152083412191600926 2121589702663781146 7 199 0 2020-10-31T13:18:31.013Z
-7648924666430437186 5152083412191600926 -8707247436007099417 7 217 0 2020-10-31T13:18:31.013Z
-8978176241083249823 5152083412191600926 1880159692679625563 7 221 0 2020-10-31T13:18:31.013Z
-5866733042378125106 5152083412191600926 1274793286506381000 7 229 0 2020-10-31T13:18:31.013Z
6110618970825095160 1880159692679625563 5152083412191600926 14 222 0 2020-10-31T13:18:31.013Z
4700470512122281246 -8126461101687513147 483680971841074108 7 308 0 2020-10-31T13:18:31.013Z
7849819207042939430 -5061619492140741290 -2328971309607800639 7 266 0 2020-10-31T13:18:31.013Z
-4951716578570741652 5152083412191600926 -7532660603132708097 7 219 0 2020-10-31T13:18:31.013Z
-8349945145878824937 5152083412191600926 -474393536818305005 7 223 0 2020-10-31T13:18:31.013Z
-1219448181107413958 5152083412191600926 -399211103583326807 7 155 0 2020-10-31T13:18:31.013Z
-4724960654898414839 5152083412191600926 -3781652381492036266 7 225 0 2020-10-31T13:18:31.013Z
6702992656041273223 5152083412191600926 2746809649310451257 7 179 0 2020-10-31T13:18:31.013Z
5849148027186625904 5276771402097133093 5152083412191600926 14 226 0 2020-10-31T13:18:31.013Z
4072113189736396925 5152083412191600926 5050987072495032549 7 231 0 2020-10-31T13:18:31.013Z
