82
-8316433574550656623 0
7765355963137956221 1
-6417693809056262196 2
2068618868676031251 3
7146601781909273930 4
-6091531084354702690 5
344958562774332166 6
-5219257908436558009 7
-5061619492140741290 8
801157994072739676 9
8279917199715665074 10
7879151465629095914 11
8988384386520244962 12
-1163981158876802591 13
-8824170332984703265 14
3949212449088782196 15
5152083412191600926 16
1487314883141566174 17
5934801612261804871 18
-8126461101687513147 19
-1895372388335133811 20
483680971841074108 21
-7542236409170747062 22
305464025771553414 23
-7969282874982661437 24
2289155095778825534 25
5318231889744565707 26
-7752658868772795716 27
7688045446988068821 28
1024525893209186036 29
3774413120474270195 30
3793607117168696168 31
-8707247436007099417 32
1850780483227128754 33
-8825498010086381817 34
5575938305557955703 35
-816257281543293466 36
-6795997534277376190 37
-1911738362661762108 38
6522033027353635021 39
-399211103583326807 40
2121589702663781146 41
-6736896462886754661 42
5276771402097133093 43
-2411910210643341048 44
-2367084756761487476 45
-105453499750126256 46
1048885115500161144 47
7911811504999844900 48
5635496527712843355 49
5688047026888917466 50
5721705362729510090 51
8062332749628046795 52
-1241793622328741217 53
-8210381117968759860 54
-4970872601502713286 55
8034540774041176609 56
-6337750167261336601 57
-707900371345831488 58
6444751912738878230 59
-1711651771919696416 60
6784946142803400502 61
6472405619221695782 62
8467855028777060230 63
-2328971309607800639 64
2746809649310451257 65
8445297539000538450 66
-1114966402723172226 67
-2513579585361159818 68
-474393536818305005 69
-3781652381492036266 70
500585512766024302 71
-2800224082496491079 72
1274793286506381000 73
-7532660603132708097 74
5050987072495032549 75
2357244477191288095 76
-6048206471824405599 77
962904689403953009 78
1880159692679625563 79
7583117949578183045 80
4778253701243211228 81