82
-8316433574550656623 1
7765355963137956221 1
-6417693809056262196 1
2068618868676031251 1
7146601781909273930 1
-6091531084354702690 1
344958562774332166 1
-5219257908436558009 1
-5061619492140741290 1
801157994072739676 1
8279917199715665074 1
7879151465629095914 1
8988384386520244962 1
-1163981158876802591 1
-8824170332984703265 1
3949212449088782196 1
5152083412191600926 1
1487314883141566174 1
5934801612261804871 1
-8126461101687513147 1
-1895372388335133811 1
483680971841074108 2
-7542236409170747062 2
305464025771553414 2
-7969282874982661437 2
2289155095778825534 2
5318231889744565707 2
-7752658868772795716 2
7688045446988068821 2
1024525893209186036 2
3774413120474270195 2
3793607117168696168 2
-8707247436007099417 2
1850780483227128754 2
-8825498010086381817 2
5575938305557955703 2
-816257281543293466 2
-6795997534277376190 2
-1911738362661762108 2
6522033027353635021 2
-399211103583326807 2
2121589702663781146 2
-6736896462886754661 2
5276771402097133093 2
-2411910210643341048 2
-2367084756761487476 2
-105453499750126256 2
1048885115500161144 2
7911811504999844900 2
5635496527712843355 2
5688047026888917466 2
5721705362729510090 2
8062332749628046795 2
-1241793622328741217 2
-8210381117968759860 2
-4970872601502713286 2
8034540774041176609 2
-6337750167261336601 2
-707900371345831488 2
6444751912738878230 2
-1711651771919696416 2
6784946142803400502 2
6472405619221695782 2
8467855028777060230 2
-2328971309607800639 2
2746809649310451257 2
8445297539000538450 2
-1114966402723172226 2
-2513579585361159818 2
-474393536818305005 2
-3781652381492036266 2
500585512766024302 2
-2800224082496491079 2
1274793286506381000 2
-7532660603132708097 2
5050987072495032549 2
2357244477191288095 2
-6048206471824405599 2
962904689403953009 2
1880159692679625563 2
7583117949578183045 2
4778253701243211228 2
