90
13 23 7
19 71 7
6 25 7
6 27 7
6 71 7
1 5 3
1 23 7
8 25 7
26 8 14
9 25 7
8 26 7
8 27 7
8 56 7
16 8 3
37 16 14
16 81 7
76 16 14
41 16 14
70 16 14
16 37 7
8 71 7
16 51 7
16 54 7
73 16 14
10 23 7
40 16 14
16 47 7
16 44 7
16 60 7
16 30 7
30 16 14
16 63 7
16 45 7
16 59 7
15 22 7
16 42 7
16 34 7
16 80 7
16 43 7
9 24 7
49 16 14
57 16 14
16 50 7
16 35 7
16 78 7
16 67 7
16 58 7
45 16 14
47 16 14
16 61 7
19 25 7
9 71 7
16 76 7
65 16 14
16 55 7
16 49 7
16 38 7
16 39 7
13 0 3
63 16 14
16 46 7
16 28 7
16 29 7
16 72 7
16 68 7
9 33 7
16 77 7
44 16 14
16 53 7
16 62 7
16 31 7
16 57 7
16 66 7
16 52 7
16 36 7
16 48 7
16 41 7
16 32 7
16 79 7
16 73 7
79 16 14
19 21 7
8 64 7
16 74 7
16 69 7
16 40 7
16 70 7
16 65 7
43 16 14
16 75 7