66
8126425743926602711 7124548358257382780 -7532660603132708097 7 93 0 2020-10-31T13:18:31.013Z
2680443819177717004 7124548358257382780 1922657675869413657 7 91 0 2020-10-31T13:18:31.013Z
8031790375534518609 -8707247436007099417 7124548358257382780 14 88 0 2020-10-31T13:18:31.013Z
1619020840367808824 7124548358257382780 8034540774041176609 7 87 0 2020-10-31T13:18:31.013Z
-1891606561378959896 7124548358257382780 3056937152912036536 7 85 0 2020-10-31T13:18:31.013Z
-7841790319075724328 7124548358257382780 7139084340765006904 7 83 0 2020-10-31T13:18:31.013Z
-626483894509929944 7124548358257382780 1127119655772326927 7 81 0 2020-10-31T13:18:31.013Z
9038374395325119895 7124548358257382780 -7774041772645548658 7 95 0 2020-10-31T13:18:31.013Z
-7102669470711529598 7124548358257382780 -7303193356804424264 7 79 0 2020-10-31T13:18:31.013Z
-7966678864313538277 7124548358257382780 -6506460064442133742 7 77 0 2020-10-31T13:18:31.013Z
8062236917372129991 7124548358257382780 1168196724437318729 7 75 0 2020-10-31T13:18:31.013Z
-7076931249896185914 7124548358257382780 7124548358257382780 3 70 0 2020-10-31T13:18:31.013Z
4940418631019298023 7124548358257382780 -471890446090237777 7 29 0 2020-10-31T13:18:31.013Z
2520211141489032961 7124548358257382780 7124548358257382780 3 28 0 2020-10-31T13:18:31.013Z
-4057066058618711970 7124548358257382780 -2974108247700271094 7 23 0 2020-10-31T13:18:31.013Z
-9155455331233859335 7124548358257382780 -4737267231517856382 7 17 0 2020-10-31T13:18:31.013Z
-7225281737258270568 7124548358257382780 2617133679453431274 7 69 0 2020-10-31T13:18:31.013Z
-7919838949710037846 7124548358257382780 7124548358257382780 3 16 0 2020-10-31T13:18:31.013Z
-3858447900655244817 7124548358257382780 -2367084756761487476 7 35 0 2020-10-31T13:18:31.013Z
-9114212789065486435 7124548358257382780 -5217195513446307368 7 21 0 2020-10-31T13:18:31.013Z
-6113920911949796114 7124548358257382780 7911811504999844900 7 71 0 2020-10-31T13:18:31.013Z
4512755147682457443 7124548358257382780 5540577356167309650 7 51 0 2020-10-31T13:18:31.013Z
-4298144011687261124 7124548358257382780 6729573118699581476 3 99 0 2020-10-31T13:18:31.013Z
3776554169445658046 7124548358257382780 7124548358257382780 3 14 0 2020-10-31T13:18:31.013Z
-5187080945796503648 7124548358257382780 7124548358257382780 3 6 0 2020-10-31T13:18:31.013Z
2646612097244161514 7124548358257382780 7715781057092590632 7 11 0 2020-10-31T13:18:31.013Z
-5228636570042115131 7124548358257382780 4504052864498199650 7 27 0 2020-10-31T13:18:31.013Z
5079741208291674438 7124548358257382780 1880159692679625563 7 43 0 2020-10-31T13:18:31.013Z
-5469723840336713130 7124548358257382780 1829570180227639565 7 19 0 2020-10-31T13:18:31.013Z
2472145688047589955 7124548358257382780 4450132134749092185 7 53 0 2020-10-31T13:18:31.013Z
3947062975872780748 7124548358257382780 7124548358257382780 3 12 0 2020-10-31T13:18:31.013Z
-8455036953642228728 7124548358257382780 962904689403953009 7 9 0 2020-10-31T13:18:31.013Z
-4693739407003573630 7124548358257382780 -525689777062318565 7 57 0 2020-10-31T13:18:31.013Z
5191916642739807284 3037210772182401354 7124548358257382780 3 2 0 2020-10-31T13:18:31.013Z
-5552459120837326765 7124548358257382780 7679146966016283282 7 3 0 2020-10-31T13:18:31.013Z
799288751271565442 7124548358257382780 7124548358257382780 3 68 0 2020-10-31T13:18:31.013Z
5739608319268299108 7124548358257382780 8451678114973755589 7 5 0 2020-10-31T13:18:31.013Z
5488584768118096862 7124548358257382780 -8707247436007099417 7 73 0 2020-10-31T13:18:31.013Z
1028372224446926380 3037210772182401354 -1730503747409361005 7 1 0 2020-10-31T13:18:31.013Z
3007684954724857764 1880159692679625563 7124548358257382780 14 44 0 2020-10-31T13:18:31.013Z
-1874583853299375838 7124548358257382780 8723205682627721497 7 97 0 2020-10-31T13:18:31.013Z
8344927143735377274 7124548358257382780 -5337843213806104439 7 63 0 2020-10-31T13:18:31.013Z
8289434274156611549 7124548358257382780 8891653688417318563 7 25 0 2020-10-31T13:18:31.013Z
-8143702956081418515 7124548358257382780 -4419202093950616505 7 45 0 2020-10-31T13:18:31.013Z
6755622086940376064 7124548358257382780 -4970872601502713286 7 31 0 2020-10-31T13:18:31.013Z
5040187623400332976 7124548358257382780 -8056281295866110948 7 13 0 2020-10-31T13:18:31.013Z
6120606971467814449 8723205682627721497 7124548358257382780 14 98 0 2020-10-31T13:18:31.013Z
1480699656546889339 7124548358257382780 1334684858479548883 7 7 0 2020-10-31T13:18:31.013Z
7168261358966277543 5050987072495032549 7124548358257382780 14 66 0 2020-10-31T13:18:31.013Z
-3669581778762405939 7124548358257382780 1571287875155298300 7 33 0 2020-10-31T13:18:31.013Z
3568145176633398090 -2104924972343092661 3037210772182401354 3 0 0 2020-10-31T13:18:31.013Z
-1593451959715120771 7124548358257382780 3793607117168696168 7 37 0 2020-10-31T13:18:31.013Z
-3830647119924559692 7124548358257382780 6042401895506315588 7 41 0 2020-10-31T13:18:31.013Z
-3679119573621197905 1922657675869413657 7124548358257382780 14 92 0 2020-10-31T13:18:31.013Z
192395603543688059 7124548358257382780 -2978470579493252838 7 15 0 2020-10-31T13:18:31.013Z
896128154948817523 7124548358257382780 8743508234068820554 7 39 0 2020-10-31T13:18:31.013Z
-4466896703071637112 5540577356167309650 7124548358257382780 14 52 0 2020-10-31T13:18:31.013Z
-8107283855648405315 6042401895506315588 7124548358257382780 14 42 0 2020-10-31T13:18:31.013Z
-6856017328073780036 7124548358257382780 -3775489325293049931 7 61 0 2020-10-31T13:18:31.013Z
5173902184605841330 7124548358257382780 8404152645330460346 7 47 0 2020-10-31T13:18:31.013Z
-9179806094700721876 7124548358257382780 5050987072495032549 7 65 0 2020-10-31T13:18:31.013Z
4442480278011224820 7124548358257382780 164943622108463182 7 49 0 2020-10-31T13:18:31.013Z
-2252514876447693353 7124548358257382780 8398349750103105098 7 55 0 2020-10-31T13:18:31.013Z
5604588408011986304 7124548358257382780 -7479036849869111086 7 89 0 2020-10-31T13:18:31.013Z
-1391241846398653463 7124548358257382780 5168763979781961720 7 59 0 2020-10-31T13:18:31.013Z
3509737808258198548 7124548358257382780 1325239243998919266 7 67 0 2020-10-31T13:18:31.013Z
