53
6729573118699581476 0
7124548358257382780 1
-2104924972343092661 2
3037210772182401354 3
8723205682627721497 4
-7774041772645548658 5
164943622108463182 6
-4970872601502713286 7
6042401895506315588 8
-3775489325293049931 9
1829570180227639565 10
1571287875155298300 11
1334684858479548883 12
3056937152912036536 13
-471890446090237777 14
8891653688417318563 15
8451678114973755589 16
-1730503747409361005 17
-7303193356804424264 18
-2367084756761487476 19
962904689403953009 20
1880159692679625563 21
-4737267231517856382 22
2617133679453431274 23
7715781057092590632 24
-8056281295866110948 25
8398349750103105098 26
-4419202093950616505 27
4504052864498199650 28
-5337843213806104439 29
8404152645330460346 30
8034540774041176609 31
8743508234068820554 32
-5217195513446307368 33
-2978470579493252838 34
-2974108247700271094 35
5540577356167309650 36
1922657675869413657 37
5168763979781961720 38
1325239243998919266 39
1127119655772326927 40
-525689777062318565 41
7911811504999844900 42
3793607117168696168 43
4450132134749092185 44
-8707247436007099417 45
7679146966016283282 46
1168196724437318729 47
-7479036849869111086 48
-6506460064442133742 49
7139084340765006904 50
5050987072495032549 51
-7532660603132708097 52