53
6729573118699581476 1
7124548358257382780 1
-2104924972343092661 1
3037210772182401354 1
8723205682627721497 2
-7774041772645548658 2
164943622108463182 2
-4970872601502713286 2
6042401895506315588 2
-3775489325293049931 2
1829570180227639565 2
1571287875155298300 2
1334684858479548883 2
3056937152912036536 2
-471890446090237777 2
8891653688417318563 2
8451678114973755589 2
-1730503747409361005 2
-7303193356804424264 2
-2367084756761487476 2
962904689403953009 2
1880159692679625563 2
-4737267231517856382 2
2617133679453431274 2
7715781057092590632 2
-8056281295866110948 2
8398349750103105098 2
-4419202093950616505 2
4504052864498199650 2
-5337843213806104439 2
8404152645330460346 2
8034540774041176609 2
8743508234068820554 2
-5217195513446307368 2
-2978470579493252838 2
-2974108247700271094 2
5540577356167309650 2
1922657675869413657 2
5168763979781961720 2
1325239243998919266 2
1127119655772326927 2
-525689777062318565 2
7911811504999844900 2
3793607117168696168 2
4450132134749092185 2
-8707247436007099417 2
7679146966016283282 2
1168196724437318729 2
-7479036849869111086 2
-6506460064442133742 2
7139084340765006904 2
5050987072495032549 2
-7532660603132708097 2
