69
9038593404610874936 -2209508153426519756 -8964952486573412780 14 101 0 2020-10-31T13:18:31.013Z
1944042115163750706 -8964952486573412780 -2228062359532426636 3 96 0 2020-10-31T13:18:31.013Z
-9015707820321915367 -7805770318322172298 -8964952486573412780 14 95 0 2020-10-31T13:18:31.013Z
-4489204870243593691 2375743301998798814 -8964952486573412780 14 99 0 2020-10-31T13:18:31.013Z
-682981137725194670 6474847550624948970 -8964952486573412780 14 91 0 2020-10-31T13:18:31.013Z
644469325837560930 -8964952486573412780 2375743301998798814 7 90 0 2020-10-31T13:18:31.013Z
6675932422480329127 -8964952486573412780 8344042532843625775 7 86 0 2020-10-31T13:18:31.013Z
-6337279370371024742 -8964952486573412780 -2595944565344575205 7 100 0 2020-10-31T13:18:31.013Z
2221668036426306816 -8964952486573412780 5990189600803864700 7 80 0 2020-10-31T13:18:31.013Z
-3019475713027938905 -8964952486573412780 -7753650432117736528 7 78 0 2020-10-31T13:18:31.013Z
-5801947415195808878 -6337750167261336601 -8964952486573412780 14 77 0 2020-10-31T13:18:31.013Z
-6555470809585260823 -8964952486573412780 -6337750167261336601 7 76 0 2020-10-31T13:18:31.013Z
-7805882465579127355 4938171713032244801 -8964952486573412780 14 33 0 2020-10-31T13:18:31.013Z
5796804405826881096 -8964952486573412780 -5045844968814613123 7 40 0 2020-10-31T13:18:31.013Z
-6168338021570345742 -8964952486573412780 2051107451038046990 7 84 0 2020-10-31T13:18:31.013Z
1627431030038963262 -8964952486573412780 1207536345232535217 7 26 0 2020-10-31T13:18:31.013Z
-7670459091316722764 -8964952486573412780 -129614307084704301 7 24 0 2020-10-31T13:18:31.013Z
-1681673397338964900 -8964952486573412780 -1143813024881503454 7 18 0 2020-10-31T13:18:31.013Z
1853575938881642444 -8964952486573412780 7849104326190524526 7 6 0 2020-10-31T13:18:31.013Z
6719730413038534330 -8964952486573412780 -2367084756761487476 7 2 0 2020-10-31T13:18:31.013Z
1470610004405670812 -8964952486573412780 -1988323712301645559 7 54 0 2020-10-31T13:18:31.013Z
496517945330588607 3614632888414402714 -8964952486573412780 14 31 0 2020-10-31T13:18:31.013Z
-9002848921526632464 -8964952486573412780 -1516871816156205030 7 62 0 2020-10-31T13:18:31.013Z
1399443963561857616 -8964952486573412780 4853490083968582900 7 94 0 2020-10-31T13:18:31.013Z
-7393121244298309970 -1516871816156205030 -8964952486573412780 14 63 0 2020-10-31T13:18:31.013Z
6778600796597919907 -8964952486573412780 -2791479948014483423 7 0 0 2020-10-31T13:18:31.013Z
4029826698090795116 -462751710604842129 -8964952486573412780 14 83 0 2020-10-31T13:18:31.013Z
-2056456526352672281 -8964952486573412780 3644766936743822919 7 22 0 2020-10-31T13:18:31.013Z
-2928489459767749922 -8964952486573412780 3614632888414402714 7 30 0 2020-10-31T13:18:31.013Z
-3811956967974494286 -8964952486573412780 7852470712466794573 7 10 0 2020-10-31T13:18:31.013Z
-5195432252570685077 -1855447296471236640 -8964952486573412780 14 29 0 2020-10-31T13:18:31.013Z
8179366036697850844 -8964952486573412780 -8010220750503013663 7 56 0 2020-10-31T13:18:31.013Z
8024039938592872440 -8964952486573412780 3802119713063508461 7 98 0 2020-10-31T13:18:31.013Z
-6328053396036570694 -8964952486573412780 -2526792342322280527 7 72 0 2020-10-31T13:18:31.013Z
4591031721834393823 -2791479948014483423 -8964952486573412780 14 1 0 2020-10-31T13:18:31.013Z
-5950933091862759419 -8964952486573412780 4422955765777953774 7 16 0 2020-10-31T13:18:31.013Z
4849934944446949403 -8964952486573412780 -1855447296471236640 7 28 0 2020-10-31T13:18:31.013Z
-8624333549844687008 -8964952486573412780 286680523069543353 7 20 0 2020-10-31T13:18:31.013Z
-173198544306468002 -8964952486573412780 8836186568894910676 7 92 0 2020-10-31T13:18:31.013Z
-8525301524932537457 -8964952486573412780 4938171713032244801 7 14 0 2020-10-31T13:18:31.013Z
-4222057964603929275 -8964952486573412780 5822055660538705417 7 32 0 2020-10-31T13:18:31.013Z
6376136901748154832 -2367084756761487476 -8964952486573412780 14 3 0 2020-10-31T13:18:31.013Z
-1392298750443513648 -8964952486573412780 -8195067360820996730 7 42 0 2020-10-31T13:18:31.013Z
2732007962303438316 -8964952486573412780 -4754960797459034347 7 74 0 2020-10-31T13:18:31.013Z
-4777177472951784324 -8964952486573412780 4003654821920094624 7 8 0 2020-10-31T13:18:31.013Z
-7198572304292553519 -8964952486573412780 4046619787232324735 7 4 0 2020-10-31T13:18:31.013Z
4461704329281378623 -8964952486573412780 3411514789171256066 7 34 0 2020-10-31T13:18:31.013Z
-5991428936844969254 -8964952486573412780 -1582141545274990721 7 88 0 2020-10-31T13:18:31.013Z
-4068497828020054230 -8964952486573412780 -462751710604842129 7 12 0 2020-10-31T13:18:31.013Z
-1243159746125934131 -8964952486573412780 5847501225819903567 7 36 0 2020-10-31T13:18:31.013Z
-4888751652330659771 -8964952486573412780 6787400574219555537 7 44 0 2020-10-31T13:18:31.013Z
8679840998069837050 -8964952486573412780 -7196790464509913252 7 38 0 2020-10-31T13:18:31.013Z
-5674805349106030298 -8195067360820996730 -8964952486573412780 14 43 0 2020-10-31T13:18:31.013Z
4336289352102289236 286680523069543353 -8964952486573412780 14 59 0 2020-10-31T13:18:31.013Z
5830599701919314877 -8964952486573412780 6906263662825560900 7 46 0 2020-10-31T13:18:31.013Z
6129501323200943224 -8964952486573412780 -2049267087303789972 7 64 0 2020-10-31T13:18:31.013Z
-3783664094170384744 7849104326190524526 -8964952486573412780 14 71 0 2020-10-31T13:18:31.013Z
2196788443588871374 -8964952486573412780 -8305724090049005344 7 50 0 2020-10-31T13:18:31.013Z
-6245561940588183450 -8964952486573412780 -7805770318322172298 7 52 0 2020-10-31T13:18:31.013Z
8083248052252218331 -2228062359532426636 -7100024338661345719 3 97 0 2020-10-31T13:18:31.013Z
6393899619900117775 -8964952486573412780 8876421199610217629 7 48 0 2020-10-31T13:18:31.013Z
-3704831845995335998 -8964952486573412780 6474847550624948970 7 58 0 2020-10-31T13:18:31.013Z
2896740522560557411 -8964952486573412780 -2926660865646314167 7 60 0 2020-10-31T13:18:31.013Z
-8889787250218751515 8344042532843625775 -8964952486573412780 14 87 0 2020-10-31T13:18:31.013Z
-898820944928332695 -8964952486573412780 322690164542945966 7 82 0 2020-10-31T13:18:31.013Z
-7254625904904430331 4422955765777953774 -8964952486573412780 14 65 0 2020-10-31T13:18:31.013Z
5717243498513810258 -8964952486573412780 -2209508153426519756 7 66 0 2020-10-31T13:18:31.013Z
-3186261351794090113 -8964952486573412780 6225653954674684774 7 68 0 2020-10-31T13:18:31.013Z
6023938504710651911 -8964952486573412780 -1939241692794614982 7 70 0 2020-10-31T13:18:31.013Z
