53
-7100024338661345719 0
-8964952486573412780 1
-2228062359532426636 2
-2595944565344575205 3
3802119713063508461 4
4853490083968582900 5
6787400574219555537 6
-462751710604842129 7
5847501225819903567 8
5822055660538705417 9
-4754960797459034347 10
1207536345232535217 11
-1582141545274990721 12
-8195067360820996730 13
2375743301998798814 14
-7196790464509913252 15
3411514789171256066 16
-5045844968814613123 17
-1516871816156205030 18
-1855447296471236640 19
-2926660865646314167 20
-2791479948014483423 21
7852470712466794573 22
-1143813024881503454 23
3644766936743822919 24
4938171713032244801 25
-2367084756761487476 26
4422955765777953774 27
-2049267087303789972 28
3614632888414402714 29
4046619787232324735 30
286680523069543353 31
2051107451038046990 32
4003654821920094624 33
7849104326190524526 34
6906263662825560900 35
-8305724090049005344 36
-7805770318322172298 37
-1939241692794614982 38
-1988323712301645559 39
-8010220750503013663 40
6474847550624948970 41
-129614307084704301 42
-2209508153426519756 43
8836186568894910676 44
6225653954674684774 45
8876421199610217629 46
-6337750167261336601 47
-7753650432117736528 48
5990189600803864700 49
-2526792342322280527 50
8344042532843625775 51
322690164542945966 52