53
-7100024338661345719 1
-8964952486573412780 1
-2228062359532426636 1
-2595944565344575205 2
3802119713063508461 2
4853490083968582900 2
6787400574219555537 2
-462751710604842129 2
5847501225819903567 2
5822055660538705417 2
-4754960797459034347 2
1207536345232535217 2
-1582141545274990721 2
-8195067360820996730 2
2375743301998798814 2
-7196790464509913252 2
3411514789171256066 2
-5045844968814613123 2
-1516871816156205030 2
-1855447296471236640 2
-2926660865646314167 2
-2791479948014483423 2
7852470712466794573 2
-1143813024881503454 2
3644766936743822919 2
4938171713032244801 2
-2367084756761487476 2
4422955765777953774 2
-2049267087303789972 2
3614632888414402714 2
4046619787232324735 2
286680523069543353 2
2051107451038046990 2
4003654821920094624 2
7849104326190524526 2
6906263662825560900 2
-8305724090049005344 2
-7805770318322172298 2
-1939241692794614982 2
-1988323712301645559 2
-8010220750503013663 2
6474847550624948970 2
-129614307084704301 2
-2209508153426519756 2
8836186568894910676 2
6225653954674684774 2
8876421199610217629 2
-6337750167261336601 2
-7753650432117736528 2
5990189600803864700 2
-2526792342322280527 2
8344042532843625775 2
322690164542945966 2
