103
3099518765432626678 5892611217283842882 4327685390012634159 16 326 0 2020-10-31T13:18:31.013Z
-2709310436543455313 5892611217283842882 713178900737983560 16 311 0 2020-10-31T13:18:31.013Z
7756589701037337804 5892611217283842882 -3523907347753816897 16 308 0 2020-10-31T13:18:31.013Z
2615863159870026923 5892611217283842882 2689075096528095744 16 305 0 2020-10-31T13:18:31.013Z
-3934451348986002662 -1616612744548739621 -8717476712604317245 16 195 0 2020-10-31T13:18:31.013Z
-5590415173751717933 -1616612744548739621 -8717476712604317245 16 183 0 2020-10-31T13:18:31.013Z
-1803802973469799969 5892611217283842882 -1244111190888116860 16 332 0 2020-10-31T13:18:31.013Z
-3549477827093156844 3137820987792958048 -1616612744548739621 14 181 0 2020-10-31T13:18:31.013Z
-6825910501955836181 5892611217283842882 -2469698319111545713 16 323 0 2020-10-31T13:18:31.013Z
-6632744114633785571 -1616612744548739621 -8717476712604317245 16 125 0 2020-10-31T13:18:31.013Z
-942826212306092504 5892611217283842882 -458970052185596701 16 317 0 2020-10-31T13:18:31.013Z
-4093021186133218182 -1616612744548739621 3137820987792958048 7 150 0 2020-10-31T13:18:31.013Z
9052345467015625657 -1616612744548739621 3137820987792958048 7 158 0 2020-10-31T13:18:31.013Z
5012975894554481106 5892611217283842882 -6547832718755532747 16 275 0 2020-10-31T13:18:31.013Z
437036649066646256 -1616612744548739621 -7774041772645548658 7 207 0 2020-10-31T13:18:31.013Z
9014519200827440477 5892611217283842882 -4469709253601151131 16 263 0 2020-10-31T13:18:31.013Z
8240520316197900939 -1616612744548739621 3137820987792958048 7 190 0 2020-10-31T13:18:31.013Z
-4965434238858214417 -1616612744548739621 3137820987792958048 7 170 0 2020-10-31T13:18:31.013Z
7173545223494973582 -1616612744548739621 3137820987792958048 7 163 0 2020-10-31T13:18:31.013Z
6299552501395280560 5892611217283842882 -779531850417918183 16 278 0 2020-10-31T13:18:31.013Z
5794955221710855907 -1616612744548739621 -8717476712604317245 16 161 0 2020-10-31T13:18:31.013Z
4893059333827175163 -4137134347141111739 8583927282940569321 7 222 0 2020-10-31T13:18:31.013Z
2351806058043419129 -1616612744548739621 3137820987792958048 7 175 0 2020-10-31T13:18:31.013Z
-4471110800171969199 -1616612744548739621 3137820987792958048 7 122 0 2020-10-31T13:18:31.013Z
2150561479469144017 -1616612744548739621 3137820987792958048 7 115 0 2020-10-31T13:18:31.013Z
7106839906818203547 -1616612744548739621 3137820987792958048 7 192 0 2020-10-31T13:18:31.013Z
2914902521265696106 -1616612744548739621 -8717476712604317245 16 186 0 2020-10-31T13:18:31.013Z
2003754742506285832 8224822136661560002 311090448966529531 7 239 0 2020-10-31T13:18:31.013Z
3538532822063240438 -1616612744548739621 3137820987792958048 7 168 0 2020-10-31T13:18:31.013Z
5414576557609189867 -1616612744548739621 -8717476712604317245 16 166 0 2020-10-31T13:18:31.013Z
6751934215199578988 -1616612744548739621 -6665639605408206433 7 205 0 2020-10-31T13:18:31.013Z
8640668248075765870 3137820987792958048 -1616612744548739621 14 184 0 2020-10-31T13:18:31.013Z
-2126482583927321731 5892611217283842882 -1166428139686491075 16 302 0 2020-10-31T13:18:31.013Z
3275103809732548264 5892611217283842882 -7696472572655713099 16 266 0 2020-10-31T13:18:31.013Z
371356813933978027 -1616612744548739621 -8717476712604317245 16 140 0 2020-10-31T13:18:31.013Z
-5391646685010430934 -1616612744548739621 3137820987792958048 7 197 0 2020-10-31T13:18:31.013Z
-8101728499781290180 -1616612744548739621 -8717476712604317245 16 118 0 2020-10-31T13:18:31.013Z
4949563315163036014 5892611217283842882 1702626890453787184 16 314 0 2020-10-31T13:18:31.013Z
1340566877571844611 -1616612744548739621 3137820987792958048 7 110 0 2020-10-31T13:18:31.013Z
7047595175769574701 -4754226401573933048 -1526780136552427481 3 230 0 2020-10-31T13:18:31.013Z
934362374315903850 5892611217283842882 4924087637581452652 16 299 0 2020-10-31T13:18:31.013Z
6989817618898876721 -1616612744548739621 -8717476712604317245 16 156 0 2020-10-31T13:18:31.013Z
-7029051119588656568 -1616612744548739621 -8717476712604317245 16 148 0 2020-10-31T13:18:31.013Z
5977879928111000300 -1616612744548739621 -8717476712604317245 16 103 0 2020-10-31T13:18:31.013Z
-6574184138047559852 -1616612744548739621 -8717476712604317245 16 106 0 2020-10-31T13:18:31.013Z
6348304423606198488 5892611217283842882 6678195848738323772 16 281 0 2020-10-31T13:18:31.013Z
-2785943571481701717 -1616612744548739621 3137820987792958048 7 188 0 2020-10-31T13:18:31.013Z
264974684225836015 -1616612744548739621 3137820987792958048 7 108 0 2020-10-31T13:18:31.013Z
8621896298937963457 -1616612744548739621 -8717476712604317245 16 133 0 2020-10-31T13:18:31.013Z
-1488571870777707950 -1616612744548739621 3137820987792958048 7 120 0 2020-10-31T13:18:31.013Z
866402297397788952 -2382773223512027494 -186466404723610301 3 226 0 2020-10-31T13:18:31.013Z
-7096402214539247893 -1616612744548739621 3137820987792958048 7 127 0 2020-10-31T13:18:31.013Z
-2467612983336568108 -1616612744548739621 3137820987792958048 7 142 0 2020-10-31T13:18:31.013Z
6897760075697375866 -2382773223512027494 -519197099893776443 7 224 0 2020-10-31T13:18:31.013Z
-2747944241574698731 3137820987792958048 -1616612744548739621 14 134 0 2020-10-31T13:18:31.013Z
-430858111036162802 -1616612744548739621 -8717476712604317245 16 173 0 2020-10-31T13:18:31.013Z
4027173739840212317 -1616612744548739621 3137820987792958048 7 100 0 2020-10-31T13:18:31.013Z
303236349201946684 -1616612744548739621 3137820987792958048 7 135 0 2020-10-31T13:18:31.013Z
-8714710003050814410 -1616612744548739621 7139084340765006904 7 211 0 2020-10-31T13:18:31.013Z
-2081427441703528429 -1616612744548739621 -8717476712604317245 16 153 0 2020-10-31T13:18:31.013Z
-6319129800876123279 -2382773223512027494 3094148900032521317 7 219 0 2020-10-31T13:18:31.013Z
1110676218434405447 -1616612744548739621 -8717476712604317245 16 145 0 2020-10-31T13:18:31.013Z
6932762669280761887 -1616612744548739621 -8717476712604317245 16 130 0 2020-10-31T13:18:31.013Z
-2883097715810257483 -1616612744548739621 -2367084756761487476 7 199 0 2020-10-31T13:18:31.013Z
-4093305674493655812 -1616612744548739621 -8717476712604317245 16 113 0 2020-10-31T13:18:31.013Z
8038187690708940640 -1616612744548739621 -2382773223512027494 3 217 0 2020-10-31T13:18:31.013Z
7967599100397321546 3137820987792958048 -1616612744548739621 14 200 0 2020-10-31T13:18:31.013Z
-3131549030183729091 5892611217283842882 -7889382127869431171 16 287 0 2020-10-31T13:18:31.013Z
-6523132102460398805 5892611217283842882 -7023990973549143488 16 335 0 2020-10-31T13:18:31.013Z
6253045694831216384 -1616612744548739621 5517980748541118198 7 201 0 2020-10-31T13:18:31.013Z
-4077010228431222648 -1616612744548739621 8292934994376297071 7 203 0 2020-10-31T13:18:31.013Z
-4089211470598340634 5892611217283842882 -658788502377949408 16 290 0 2020-10-31T13:18:31.013Z
-4816599815126852580 -1616612744548739621 -8707247436007099417 7 209 0 2020-10-31T13:18:31.013Z
6870088696007169040 -1616612744548739621 -7532660603132708097 7 213 0 2020-10-31T13:18:31.013Z
-7945160854464457160 -1616612744548739621 3793607117168696168 7 215 0 2020-10-31T13:18:31.013Z
-407333929658827377 -2382773223512027494 -4137134347141111739 3 218 0 2020-10-31T13:18:31.013Z
-6958698162366348429 -519197099893776443 -2382773223512027494 14 227 0 2020-10-31T13:18:31.013Z
3160234026400029479 -2382773223512027494 583000127469437325 3 228 0 2020-10-31T13:18:31.013Z
-1698473776444525337 -186466404723610301 8224822136661560002 3 229 0 2020-10-31T13:18:31.013Z
7089205011114096904 5892611217283842882 3776301845211505162 3 247 0 2020-10-31T13:18:31.013Z
7476581336987746923 -1616612744548739621 -8717476712604317245 16 180 0 2020-10-31T13:18:31.013Z
-8399499946561383115 8224822136661560002 8022147790290828929 7 234 0 2020-10-31T13:18:31.013Z
-967046858270544958 8224822136661560002 1224527171584466180 16 237 0 2020-10-31T13:18:31.013Z
-6373434013951749057 5892611217283842882 -3180709075146280416 16 329 0 2020-10-31T13:18:31.013Z
8764318569101398564 -1616612744548739621 3137820987792958048 7 177 0 2020-10-31T13:18:31.013Z
4585585367366108626 8224822136661560002 -3073854885893789344 16 232 0 2020-10-31T13:18:31.013Z
5211275554816162400 8224822136661560002 4773273540998473025 7 241 0 2020-10-31T13:18:31.013Z
-459437561221545823 5892611217283842882 -1344313431795698747 16 320 0 2020-10-31T13:18:31.013Z
-4777433604930031745 8224822136661560002 -3073854885893789344 16 244 0 2020-10-31T13:18:31.013Z
-6855462595371469345 8224822136661560002 5892611217283842882 3 246 0 2020-10-31T13:18:31.013Z
6333242224687141837 5892611217283842882 -7948752996595625270 3 248 0 2020-10-31T13:18:31.013Z
-2120902523155700065 -1616612744548739621 3137820987792958048 7 137 0 2020-10-31T13:18:31.013Z
-6519842542771781127 5892611217283842882 5580813069983376447 3 249 0 2020-10-31T13:18:31.013Z
259676984048651785 5892611217283842882 -3769579486993262215 16 257 0 2020-10-31T13:18:31.013Z
-5428591120779233784 5892611217283842882 7499018683789086014 16 251 0 2020-10-31T13:18:31.013Z
-3420910975036373875 5892611217283842882 6966327405068215217 16 272 0 2020-10-31T13:18:31.013Z
-8689867397511174203 5892611217283842882 8625712848502825726 16 254 0 2020-10-31T13:18:31.013Z
2497609162064356534 -1616612744548739621 -8717476712604317245 16 98 0 2020-10-31T13:18:31.013Z
-6960552342633463339 5892611217283842882 1135249133023884885 16 260 0 2020-10-31T13:18:31.013Z
1260212478777309801 5892611217283842882 -1381560126077466153 16 293 0 2020-10-31T13:18:31.013Z
-4558815245055932309 5892611217283842882 -3584865740706069093 16 269 0 2020-10-31T13:18:31.013Z
5288586367633778322 5892611217283842882 -5782098645921334649 16 284 0 2020-10-31T13:18:31.013Z
-4887222965438991906 5892611217283842882 -3688002834947700030 16 296 0 2020-10-31T13:18:31.013Z
