61
-4754226401573933048 0
3776301845211505162 1
-7948752996595625270 2
-4137134347141111739 3
583000127469437325 4
-2382773223512027494 5
-1616612744548739621 6
-186466404723610301 7
8224822136661560002 8
5580813069983376447 9
-1876579090722272189 10
-1526780136552427481 11
5892611217283842882 12
4773273540998473025 13
311090448966529531 14
8022147790290828929 15
-519197099893776443 16
8583927282940569321 17
8292934994376297071 18
-6665639605408206433 19
-2367084756761487476 20
-7532660603132708097 21
5517980748541118198 22
3137820987792958048 23
-7774041772645548658 24
7139084340765006904 25
3793607117168696168 26
-8707247436007099417 27
3094148900032521317 28
-7023990973549143488 29
4327685390012634159 30
-1344313431795698747 31
713178900737983560 32
-2469698319111545713 33
2689075096528095744 34
-1244111190888116860 35
-1166428139686491075 36
4924087637581452652 37
-3688002834947700030 38
-1381560126077466153 39
-658788502377949408 40
-7889382127869431171 41
-5782098645921334649 42
6678195848738323772 43
1702626890453787184 44
-3073854885893789344 45
-3180709075146280416 46
-8717476712604317245 47
-6547832718755532747 48
-4469709253601151131 49
1224527171584466180 50
7499018683789086014 51
8625712848502825726 52
1135249133023884885 53
-3769579486993262215 54
-7696472572655713099 55
-458970052185596701 56
-3523907347753816897 57
-3584865740706069093 58
6966327405068215217 59
-779531850417918183 60