61
-4754226401573933048 1
3776301845211505162 1
-7948752996595625270 1
-4137134347141111739 1
583000127469437325 1
-2382773223512027494 1
-1616612744548739621 1
-186466404723610301 1
8224822136661560002 1
5580813069983376447 1
-1876579090722272189 1
-1526780136552427481 1
5892611217283842882 1
4773273540998473025 2
311090448966529531 2
8022147790290828929 2
-519197099893776443 2
8583927282940569321 2
8292934994376297071 2
-6665639605408206433 2
-2367084756761487476 2
-7532660603132708097 2
5517980748541118198 2
3137820987792958048 2
-7774041772645548658 2
7139084340765006904 2
3793607117168696168 2
-8707247436007099417 2
3094148900032521317 2
-7023990973549143488 3
4327685390012634159 3
-1344313431795698747 3
713178900737983560 3
-2469698319111545713 3
2689075096528095744 3
-1244111190888116860 3
-1166428139686491075 3
4924087637581452652 3
-3688002834947700030 3
-1381560126077466153 3
-658788502377949408 3
-7889382127869431171 3
-5782098645921334649 3
6678195848738323772 3
1702626890453787184 3
-3073854885893789344 3
-3180709075146280416 3
-8717476712604317245 3
-6547832718755532747 3
-4469709253601151131 3
1224527171584466180 3
7499018683789086014 3
8625712848502825726 3
1135249133023884885 3
-3769579486993262215 3
-7696472572655713099 3
-458970052185596701 3
-3523907347753816897 3
-3584865740706069093 3
6966327405068215217 3
-779531850417918183 3
