103
12 30 16
12 32 16
12 57 16
12 34 16
6 47 16
6 47 16
12 35 16
23 6 14
12 33 16
6 47 16
12 56 16
6 23 7
6 23 7
12 48 16
6 24 7
12 49 16
6 23 7
6 23 7
6 23 7
12 60 16
6 47 16
3 17 7
6 23 7
6 23 7
6 23 7
6 23 7
6 47 16
8 14 7
6 23 7
6 47 16
6 19 7
23 6 14
12 36 16
12 55 16
6 47 16
6 23 7
6 47 16
12 44 16
6 23 7
0 11 3
12 37 16
6 47 16
6 47 16
6 47 16
6 47 16
12 43 16
6 23 7
6 23 7
6 47 16
6 23 7
5 7 3
6 23 7
6 23 7
5 16 7
23 6 14
6 47 16
6 23 7
6 23 7
6 25 7
6 47 16
5 28 7
6 47 16
6 47 16
6 20 7
6 47 16
6 5 3
23 6 14
12 41 16
12 29 16
6 22 7
6 18 7
12 40 16
6 27 7
6 21 7
6 26 7
5 3 3
16 5 14
5 4 3
7 8 3
12 1 3
6 47 16
8 15 7
8 50 16
12 46 16
6 23 7
8 45 16
8 13 7
12 31 16
8 45 16
8 12 3
12 2 3
6 23 7
12 9 3
12 54 16
12 51 16
12 59 16
12 52 16
6 47 16
12 53 16
12 39 16
12 58 16
12 42 16
12 38 16