72
-5228629240063572517 2798703878176657903 3681529064498453521 14 201 0 2020-10-31T13:18:31.013Z
-4502090495540846666 2291031013444400361 3681529064498453521 3 199 0 2020-10-31T13:18:31.013Z
7421447278882541076 -1179735131772358920 2291031013444400361 14 198 0 2020-10-31T13:18:31.013Z
1886181157531923717 2291031013444400361 6571986247495294228 7 197 0 2020-10-31T13:18:31.013Z
8859454241308431544 2291031013444400361 -8717476712604317245 16 195 0 2020-10-31T13:18:31.013Z
-6182982113301439041 2291031013444400361 -8717476712604317245 16 192 0 2020-10-31T13:18:31.013Z
5052900308760496015 2291031013444400361 7706995888831316656 7 189 0 2020-10-31T13:18:31.013Z
2497066079526920820 8352560494886899300 2291031013444400361 14 188 0 2020-10-31T13:18:31.013Z
-8043966774084614139 2291031013444400361 8743508234068820554 7 187 0 2020-10-31T13:18:31.013Z
3365096073250131573 1334684858479548883 2291031013444400361 14 186 0 2020-10-31T13:18:31.013Z
157479432635673015 2291031013444400361 1334684858479548883 7 185 0 2020-10-31T13:18:31.013Z
-6098132405918443161 2291031013444400361 -2218156745695766365 7 183 0 2020-10-31T13:18:31.013Z
-5430974011129635040 -4583508116364573845 2291031013444400361 14 178 0 2020-10-31T13:18:31.013Z
-8197989302849496448 2291031013444400361 5352370816054592579 7 177 0 2020-10-31T13:18:31.013Z
-5010038135048997897 3681529064498453521 2798703878176657903 7 200 0 2020-10-31T13:18:31.013Z
-4840352133233597890 -1047126609541098810 2291031013444400361 14 174 0 2020-10-31T13:18:31.013Z
-7061838754195568810 2291031013444400361 184882619510245189 7 173 0 2020-10-31T13:18:31.013Z
-3071475279779487682 2291031013444400361 -9201152599932527153 7 179 0 2020-10-31T13:18:31.013Z
-5814211006934536677 2291031013444400361 -2470897096378415105 7 169 0 2020-10-31T13:18:31.013Z
-850048795193146157 3339210080148797942 2291031013444400361 14 170 0 2020-10-31T13:18:31.013Z
1830276221066975076 6593683197709115399 2291031013444400361 14 168 0 2020-10-31T13:18:31.013Z
-1723337306874709825 2291031013444400361 5108316814632168851 7 124 0 2020-10-31T13:18:31.013Z
-7100472038084637990 2291031013444400361 8718614669029255333 7 148 0 2020-10-31T13:18:31.013Z
-3991951559217379754 2291031013444400361 4894114078265013489 7 150 0 2020-10-31T13:18:31.013Z
-2477724846248641623 426713162468971345 2291031013444400361 14 125 0 2020-10-31T13:18:31.013Z
2742660365990306011 2291031013444400361 8501532595167468985 7 122 0 2020-10-31T13:18:31.013Z
-5680508231984097984 2291031013444400361 4158515676272570457 7 116 0 2020-10-31T13:18:31.013Z
-7438115633253699985 2291031013444400361 3339210080148797942 7 136 0 2020-10-31T13:18:31.013Z
-2615392289069810288 2291031013444400361 3355103092141020578 7 159 0 2020-10-31T13:18:31.013Z
3614939811114635178 -4447157651014628689 2291031013444400361 14 103 0 2020-10-31T13:18:31.013Z
-6863165202377321056 2291031013444400361 -2547987517983182179 7 120 0 2020-10-31T13:18:31.013Z
7995502776612840465 2291031013444400361 5217813237952081433 7 118 0 2020-10-31T13:18:31.013Z
4782717095737187438 2291031013444400361 426713162468971345 7 100 0 2020-10-31T13:18:31.013Z
-4541584787490923445 2291031013444400361 -4778945702310081050 7 128 0 2020-10-31T13:18:31.013Z
1487801292197964445 2291031013444400361 -5951708609439795303 7 134 0 2020-10-31T13:18:31.013Z
-914722514272383767 4158515676272570457 2291031013444400361 14 123 0 2020-10-31T13:18:31.013Z
7384031846023924480 2291031013444400361 -4447157651014628689 7 102 0 2020-10-31T13:18:31.013Z
-6070481694649839692 2291031013444400361 8645741266048747744 7 146 0 2020-10-31T13:18:31.013Z
2056025727659865244 -1299981973867628228 2291031013444400361 14 99 0 2020-10-31T13:18:31.013Z
-1657825970195942997 7877090138758595816 2291031013444400361 14 172 0 2020-10-31T13:18:31.013Z
3414462862368469987 2291031013444400361 7877090138758595816 7 104 0 2020-10-31T13:18:31.013Z
-6050895428782257592 3647692367246932789 2291031013444400361 14 109 0 2020-10-31T13:18:31.013Z
4230467639036991852 -6414204503657810598 2291031013444400361 14 117 0 2020-10-31T13:18:31.013Z
-6751846228533446587 2291031013444400361 3647692367246932789 7 108 0 2020-10-31T13:18:31.013Z
-9178354120742175945 2291031013444400361 -81907685003546764 7 112 0 2020-10-31T13:18:31.013Z
2044546760411531448 8645741266048747744 2291031013444400361 14 147 0 2020-10-31T13:18:31.013Z
2518761288755996338 2291031013444400361 6593683197709115399 7 130 0 2020-10-31T13:18:31.013Z
6737721985779994807 2291031013444400361 -9129853459557068981 7 106 0 2020-10-31T13:18:31.013Z
-7509923466870435811 2291031013444400361 -1299981973867628228 7 98 0 2020-10-31T13:18:31.013Z
-236629611530521698 2291031013444400361 7580766189701801402 7 132 0 2020-10-31T13:18:31.013Z
-9030606828306769859 2291031013444400361 -1179735131772358920 7 171 0 2020-10-31T13:18:31.013Z
-3014565847809954585 -5951708609439795303 2291031013444400361 14 160 0 2020-10-31T13:18:31.013Z
1362148563529616185 2291031013444400361 -5783162277650866020 7 140 0 2020-10-31T13:18:31.013Z
9124822852878267164 2291031013444400361 5168763979781961720 7 142 0 2020-10-31T13:18:31.013Z
1760825918830527050 2291031013444400361 3585526350424440511 7 110 0 2020-10-31T13:18:31.013Z
2756741102610701504 2291031013444400361 8352560494886899300 7 138 0 2020-10-31T13:18:31.013Z
4305800876614092593 -4778945702310081050 2291031013444400361 14 151 0 2020-10-31T13:18:31.013Z
3684777524981432875 2291031013444400361 -4583508116364573845 7 144 0 2020-10-31T13:18:31.013Z
-3118031214494632798 2291031013444400361 -5337843213806104439 7 152 0 2020-10-31T13:18:31.013Z
-5223198995324110317 2291031013444400361 -8717476712604317245 16 155 0 2020-10-31T13:18:31.013Z
4530033672223777494 2291031013444400361 -4289728959114605681 7 175 0 2020-10-31T13:18:31.013Z
6758866555955567903 2291031013444400361 7839870367838271468 7 126 0 2020-10-31T13:18:31.013Z
-9177854469849388171 2291031013444400361 8559071187248349680 7 157 0 2020-10-31T13:18:31.013Z
3807234026622435382 2291031013444400361 -2713065558419901350 7 161 0 2020-10-31T13:18:31.013Z
158223311338923235 2291031013444400361 -6414204503657810598 7 114 0 2020-10-31T13:18:31.013Z
8846413096350970432 -2713065558419901350 2291031013444400361 14 162 0 2020-10-31T13:18:31.013Z
516909892803811601 2291031013444400361 2590025966345821695 7 181 0 2020-10-31T13:18:31.013Z
-8313191836162098588 2291031013444400361 8398349750103105098 7 163 0 2020-10-31T13:18:31.013Z
-5029658309003273604 8398349750103105098 2291031013444400361 14 164 0 2020-10-31T13:18:31.013Z
-2116653904356949383 7839870367838271468 2291031013444400361 14 127 0 2020-10-31T13:18:31.013Z
5607597463222555128 2291031013444400361 -5334286476783536081 7 165 0 2020-10-31T13:18:31.013Z
-4266858560937529152 2291031013444400361 -1047126609541098810 7 167 0 2020-10-31T13:18:31.013Z
