50
3681529064498453521 0
2291031013444400361 1
6571986247495294228 2
2590025966345821695 3
-4289728959114605681 4
-2470897096378415105 5
-5334286476783536081 6
8398349750103105098 7
8559071187248349680 8
-5337843213806104439 9
1334684858479548883 10
184882619510245189 11
4894114078265013489 12
5352370816054592579 13
8718614669029255333 14
2798703878176657903 15
-1047126609541098810 16
-2713065558419901350 17
-4583508116364573845 18
3355103092141020578 19
5217813237952081433 20
-6414204503657810598 21
3585526350424440511 22
-2218156745695766365 23
4158515676272570457 24
426713162468971345 25
3647692367246932789 26
7706995888831316656 27
-1299981973867628228 28
3339210080148797942 29
-2547987517983182179 30
8352560494886899300 31
-81907685003546764 32
-4778945702310081050 33
7877090138758595816 34
8743508234068820554 35
-9201152599932527153 36
8645741266048747744 37
-9129853459557068981 38
8501532595167468985 39
-1179735131772358920 40
5108316814632168851 41
7839870367838271468 42
-5783162277650866020 43
7580766189701801402 44
-4447157651014628689 45
6593683197709115399 46
-5951708609439795303 47
5168763979781961720 48
-8717476712604317245 49