50
3681529064498453521 1
2291031013444400361 1
6571986247495294228 2
2590025966345821695 2
-4289728959114605681 2
-2470897096378415105 2
-5334286476783536081 2
8398349750103105098 2
8559071187248349680 2
-5337843213806104439 2
1334684858479548883 2
184882619510245189 2
4894114078265013489 2
5352370816054592579 2
8718614669029255333 2
2798703878176657903 2
-1047126609541098810 2
-2713065558419901350 2
-4583508116364573845 2
3355103092141020578 2
5217813237952081433 2
-6414204503657810598 2
3585526350424440511 2
-2218156745695766365 2
4158515676272570457 2
426713162468971345 2
3647692367246932789 2
7706995888831316656 2
-1299981973867628228 2
3339210080148797942 2
-2547987517983182179 2
8352560494886899300 2
-81907685003546764 2
-4778945702310081050 2
7877090138758595816 2
8743508234068820554 2
-9201152599932527153 2
8645741266048747744 2
-9129853459557068981 2
8501532595167468985 2
-1179735131772358920 2
5108316814632168851 2
7839870367838271468 2
-5783162277650866020 2
7580766189701801402 2
-4447157651014628689 2
6593683197709115399 2
-5951708609439795303 2
5168763979781961720 2
-8717476712604317245 3
