72
15 0 14
1 0 3
40 1 14
1 2 7
1 49 16
1 49 16
1 27 7
31 1 14
1 35 7
10 1 14
1 10 7
1 23 7
18 1 14
1 13 7
0 15 7
16 1 14
1 11 7
1 36 7
1 5 7
29 1 14
46 1 14
1 41 7
1 14 7
1 12 7
25 1 14
1 39 7
1 24 7
1 29 7
1 19 7
45 1 14
1 30 7
1 20 7
1 25 7
1 33 7
1 47 7
24 1 14
1 45 7
1 37 7
28 1 14
34 1 14
1 34 7
26 1 14
21 1 14
1 26 7
1 32 7
37 1 14
1 46 7
1 38 7
1 28 7
1 44 7
1 40 7
47 1 14
1 43 7
1 48 7
1 22 7
1 31 7
33 1 14
1 18 7
1 9 7
1 49 16
1 4 7
1 42 7
1 8 7
1 17 7
1 21 7
17 1 14
1 3 7
1 7 7
7 1 14
42 1 14
1 6 7
1 16 7