60
7743030200974417675 -1616612744548739621 -6665639605408206433 7 218 0 2020-10-31T13:18:31.013Z
5407157077445495899 -6323915806468221436 -1616612744548739621 14 217 0 2020-10-31T13:18:31.013Z
4407609820360269614 -1616612744548739621 -6323915806468221436 7 216 0 2020-10-31T13:18:31.013Z
-7284883210352001700 -1616612744548739621 7512408445260944538 3 220 0 2020-10-31T13:18:31.013Z
-8528212070962853461 -1616612744548739621 8292934994376297071 7 214 0 2020-10-31T13:18:31.013Z
-5076681695642849623 -1616612744548739621 -8717476712604317245 16 208 0 2020-10-31T13:18:31.013Z
-6434638387722420908 -1616612744548739621 -8717476712604317245 16 203 0 2020-10-31T13:18:31.013Z
-4492457827480500429 -1616612744548739621 -8717476712604317245 16 200 0 2020-10-31T13:18:31.013Z
-3934451348986002662 -1616612744548739621 -8717476712604317245 16 195 0 2020-10-31T13:18:31.013Z
1136338508945468661 -1616612744548739621 -8717476712604317245 16 192 0 2020-10-31T13:18:31.013Z
2332040628328744402 -1616612744548739621 -8717476712604317245 16 189 0 2020-10-31T13:18:31.013Z
393710325043517179 3137820987792958048 -1616612744548739621 14 187 0 2020-10-31T13:18:31.013Z
5797409404155730293 -1616612744548739621 3137820987792958048 7 140 0 2020-10-31T13:18:31.013Z
-430858111036162802 -1616612744548739621 -8717476712604317245 16 173 0 2020-10-31T13:18:31.013Z
5841233556913476055 -1616612744548739621 -8717476712604317245 16 131 0 2020-10-31T13:18:31.013Z
2984146604005373149 -1616612744548739621 3137820987792958048 7 205 0 2020-10-31T13:18:31.013Z
1448033283293688222 -1616612744548739621 -8717476712604317245 16 126 0 2020-10-31T13:18:31.013Z
-4445100211801649863 -1616612744548739621 -8717476712604317245 16 136 0 2020-10-31T13:18:31.013Z
-5391646685010430934 -1616612744548739621 3137820987792958048 7 197 0 2020-10-31T13:18:31.013Z
9052345467015625657 -1616612744548739621 3137820987792958048 7 158 0 2020-10-31T13:18:31.013Z
3722862866086689213 4260997093249494318 7512408445260944538 14 224 0 2020-10-31T13:18:31.013Z
-832931467143217518 7512408445260944538 7512408445260944538 3 221 0 2020-10-31T13:18:31.013Z
-9079306757501996131 -1616612744548739621 -8717476712604317245 16 123 0 2020-10-31T13:18:31.013Z
6879597186793164925 -1616612744548739621 -8717476712604317245 16 101 0 2020-10-31T13:18:31.013Z
-6574184138047559852 -1616612744548739621 -8717476712604317245 16 106 0 2020-10-31T13:18:31.013Z
-1488571870777707950 -1616612744548739621 3137820987792958048 7 120 0 2020-10-31T13:18:31.013Z
927098581043277625 -1616612744548739621 -8717476712604317245 16 178 0 2020-10-31T13:18:31.013Z
9072034668225704659 -1616612744548739621 3137820987792958048 7 103 0 2020-10-31T13:18:31.013Z
-2332292416577723432 -1616612744548739621 3137820987792958048 7 133 0 2020-10-31T13:18:31.013Z
-7552892942323626403 3137820987792958048 -1616612744548739621 14 171 0 2020-10-31T13:18:31.013Z
-8101728499781290180 -1616612744548739621 -8717476712604317245 16 118 0 2020-10-31T13:18:31.013Z
3456944742123773295 -1616612744548739621 -8717476712604317245 16 111 0 2020-10-31T13:18:31.013Z
-5204469314043556420 -1616612744548739621 3137820987792958048 7 98 0 2020-10-31T13:18:31.013Z
-6028565017981459319 -1616612744548739621 -2367084756761487476 7 212 0 2020-10-31T13:18:31.013Z
264974684225836015 -1616612744548739621 3137820987792958048 7 108 0 2020-10-31T13:18:31.013Z
5968915785451545105 -1616612744548739621 3137820987792958048 7 113 0 2020-10-31T13:18:31.013Z
779149477538886449 -1616612744548739621 -8717476712604317245 16 143 0 2020-10-31T13:18:31.013Z
2038025718808828010 -1616612744548739621 3137820987792958048 7 149 0 2020-10-31T13:18:31.013Z
-3347878319732110676 -1616612744548739621 3137820987792958048 7 128 0 2020-10-31T13:18:31.013Z
3084387815248091457 -1616612744548739621 3137820987792958048 7 138 0 2020-10-31T13:18:31.013Z
2150561479469144017 -1616612744548739621 3137820987792958048 7 115 0 2020-10-31T13:18:31.013Z
-5568588809514016167 -1616612744548739621 3137820987792958048 7 210 0 2020-10-31T13:18:31.013Z
-6356164512473167245 -1616612744548739621 3137820987792958048 7 156 0 2020-10-31T13:18:31.013Z
1742739766118073220 -1616612744548739621 3137820987792958048 7 145 0 2020-10-31T13:18:31.013Z
4045829510922358474 -1616612744548739621 3137820987792958048 7 147 0 2020-10-31T13:18:31.013Z
1459703479173868462 -1616612744548739621 -8717476712604317245 16 154 0 2020-10-31T13:18:31.013Z
9139208237023473965 7512408445260944538 4260997093249494318 7 222 0 2020-10-31T13:18:31.013Z
-9053644466990805512 -1616612744548739621 -8717476712604317245 16 170 0 2020-10-31T13:18:31.013Z
5794955221710855907 -1616612744548739621 -8717476712604317245 16 161 0 2020-10-31T13:18:31.013Z
-8037248006423991797 3137820987792958048 -1616612744548739621 14 211 0 2020-10-31T13:18:31.013Z
-397688306144951642 -1616612744548739621 -8717476712604317245 16 164 0 2020-10-31T13:18:31.013Z
6799347613492253450 3137820987792958048 -1616612744548739621 14 150 0 2020-10-31T13:18:31.013Z
3425524558349069063 -1616612744548739621 3137820987792958048 7 151 0 2020-10-31T13:18:31.013Z
3471930189985986362 -1616612744548739621 -8717476712604317245 16 167 0 2020-10-31T13:18:31.013Z
5013069334741951902 3137820987792958048 -1616612744548739621 14 193 0 2020-10-31T13:18:31.013Z
-3491074790225144964 3137820987792958048 -1616612744548739621 14 168 0 2020-10-31T13:18:31.013Z
2351806058043419129 -1616612744548739621 3137820987792958048 7 175 0 2020-10-31T13:18:31.013Z
1014749977292007076 -1616612744548739621 -8717476712604317245 16 181 0 2020-10-31T13:18:31.013Z
-3399945160399044715 -1616612744548739621 3137820987792958048 7 183 0 2020-10-31T13:18:31.013Z
2914902521265696106 -1616612744548739621 -8717476712604317245 16 186 0 2020-10-31T13:18:31.013Z
