160
-5325369547122708096 -4703596432442143319 1413835382339627648 7 371 0 2020-10-31T13:18:31.013Z
1560411418318590197 -4703596432442143319 -5342348570234697358 7 369 0 2020-10-31T13:18:31.013Z
2592720313427741374 -4703596432442143319 6794511879631153064 7 367 0 2020-10-31T13:18:31.013Z
-7710681502218908516 -4703596432442143319 8879561839860320972 16 363 0 2020-10-31T13:18:31.013Z
-7946831172265196506 -4703596432442143319 -4852504751172555735 7 360 0 2020-10-31T13:18:31.013Z
-6707582067552263052 -4703596432442143319 -4738169215301433094 16 349 0 2020-10-31T13:18:31.013Z
-3584186872995185416 -4703596432442143319 -712738692925636089 16 343 0 2020-10-31T13:18:31.013Z
9063177779504142245 -4703596432442143319 -5175339754869855152 7 329 0 2020-10-31T13:18:31.013Z
-5675637106776650183 4045422170507469845 -4703596432442143319 14 317 0 2020-10-31T13:18:31.013Z
8714873961277783111 -4703596432442143319 5899516494984699438 7 316 0 2020-10-31T13:18:31.013Z
-2121275351119499538 -4703596432442143319 -7693453873557714722 16 312 0 2020-10-31T13:18:31.013Z
-7780680267240636060 -4703596432442143319 489111811641808336 7 373 0 2020-10-31T13:18:31.013Z
-7870219922535157675 -1955869971881756184 -4703596432442143319 14 309 0 2020-10-31T13:18:31.013Z
147790026399217422 -4703596432442143319 -7065095552428948216 7 306 0 2020-10-31T13:18:31.013Z
-3738874356559752866 -4703596432442143319 454478236759602128 7 303 0 2020-10-31T13:18:31.013Z
5285977728898036916 -4703596432442143319 6950251227229908694 7 301 0 2020-10-31T13:18:31.013Z
-7000639839311235374 2403568547242862656 -6417604546300035199 7 298 0 2020-10-31T13:18:31.013Z
4627597273958105201 2403568547242862656 5273164291986674270 7 296 0 2020-10-31T13:18:31.013Z
5852289224911615257 689102468086756431 2403568547242862656 14 295 0 2020-10-31T13:18:31.013Z
3372185063591623272 -4703596432442143319 2559255418745652728 16 337 0 2020-10-31T13:18:31.013Z
5857393018463324541 -4703596432442143319 -6236749620428395691 7 331 0 2020-10-31T13:18:31.013Z
-1840844611233019942 2403568547242862656 -977640587370066893 7 294 0 2020-10-31T13:18:31.013Z
4541178343208270461 2403568547242862656 6197513436257750269 7 292 0 2020-10-31T13:18:31.013Z
8199851083176380873 2403568547242862656 -840468206558416647 7 290 0 2020-10-31T13:18:31.013Z
-7057077046648119415 2403568547242862656 4473707667523814788 7 288 0 2020-10-31T13:18:31.013Z
1315718812937711330 6613634759633322494 2403568547242862656 14 287 0 2020-10-31T13:18:31.013Z
2611477432353806959 2403568547242862656 -6024031315157243476 7 286 0 2020-10-31T13:18:31.013Z
-9412544433297938 -6236749620428395691 -4703596432442143319 14 379 0 2020-10-31T13:18:31.013Z
6510128753625039926 2403568547242862656 3862227405757714709 7 284 0 2020-10-31T13:18:31.013Z
-2465273480794099584 2403568547242862656 -4703596432442143319 3 300 0 2020-10-31T13:18:31.013Z
-2539111204274900047 2403568547242862656 2746809649310451257 7 282 0 2020-10-31T13:18:31.013Z
8556284399794201658 -4321368863675514463 2403568547242862656 14 281 0 2020-10-31T13:18:31.013Z
-8881466580949352154 2403568547242862656 6613634759633322494 7 278 0 2020-10-31T13:18:31.013Z
8117382457740316613 2403568547242862656 5823373636445420698 7 276 0 2020-10-31T13:18:31.013Z
6709047880991661398 2403568547242862656 -574058792051504207 7 274 0 2020-10-31T13:18:31.013Z
-8653038521855071425 -4703596432442143319 -4738169215301433094 16 358 0 2020-10-31T13:18:31.013Z
-6569588963873760133 -6189062650317148338 2403568547242862656 14 271 0 2020-10-31T13:18:31.013Z
-2671566579120781480 2403568547242862656 -6211243601141303906 7 270 0 2020-10-31T13:18:31.013Z
-2306242813685917238 -4703596432442143319 -7693453873557714722 16 319 0 2020-10-31T13:18:31.013Z
5486951712769001821 2403568547242862656 7829532258151718976 7 266 0 2020-10-31T13:18:31.013Z
-7541711010724307703 2403568547242862656 2404097345027076070 7 264 0 2020-10-31T13:18:31.013Z
-2647429799933944390 2403568547242862656 3970928914842338733 7 174 0 2020-10-31T13:18:31.013Z
-5283578049256383639 2403568547242862656 -4321368863675514463 7 166 0 2020-10-31T13:18:31.013Z
-4551055632545175811 2403568547242862656 8706717564262335637 7 218 0 2020-10-31T13:18:31.013Z
7271373648434462310 2403568547242862656 7422054664126138325 7 160 0 2020-10-31T13:18:31.013Z
-7422384542069394367 -4703596432442143319 5575326035050786221 16 346 0 2020-10-31T13:18:31.013Z
-6069237498991709852 2403568547242862656 4707315620909343304 7 156 0 2020-10-31T13:18:31.013Z
-1437709641573319062 2403568547242862656 -5044083763461832432 7 178 0 2020-10-31T13:18:31.013Z
-6626758252042935628 -4703596432442143319 -1588928048638714666 7 327 0 2020-10-31T13:18:31.013Z
-6421885004589543879 2403568547242862656 -7829420694930975369 7 168 0 2020-10-31T13:18:31.013Z
-2324982512336511313 2403568547242862656 2119808430777318074 7 142 0 2020-10-31T13:18:31.013Z
-2950966282038748129 2403568547242862656 -4283142760151437131 7 260 0 2020-10-31T13:18:31.013Z
-752751298929833182 2403568547242862656 -8309903864077270121 7 154 0 2020-10-31T13:18:31.013Z
2608782741722760788 2403568547242862656 1526596631215174589 7 152 0 2020-10-31T13:18:31.013Z
3332355003993652541 -8904130173384254205 -4703596432442143319 14 307 0 2020-10-31T13:18:31.013Z
-6257363673950638941 2403568547242862656 -1883804970665214568 7 210 0 2020-10-31T13:18:31.013Z
1472504257813325513 2403568547242862656 -1982168724956451449 7 192 0 2020-10-31T13:18:31.013Z
7935775835215553203 2403568547242862656 904744579702558901 7 150 0 2020-10-31T13:18:31.013Z
-5269913575374642423 2403568547242862656 -6063433380422776457 7 164 0 2020-10-31T13:18:31.013Z
6365895263897807467 -4703596432442143319 -4826275269594773377 7 321 0 2020-10-31T13:18:31.013Z
7015533510235125029 2403568547242862656 -6248440899098661684 7 148 0 2020-10-31T13:18:31.013Z
2310219807519401521 2403568547242862656 -5926562819243403443 7 202 0 2020-10-31T13:18:31.013Z
-2981054666141436000 -4703596432442143319 -8896829175984521255 7 333 0 2020-10-31T13:18:31.013Z
-122690964025188694 -6476645120891436956 2403568547242862656 14 145 0 2020-10-31T13:18:31.013Z
-2356191138947950698 2403568547242862656 689102468086756431 7 108 0 2020-10-31T13:18:31.013Z
5935848028939071737 2403568547242862656 4477806978927575247 7 252 0 2020-10-31T13:18:31.013Z
-8240199611111779864 -4703596432442143319 47237810126425776 7 377 0 2020-10-31T13:18:31.013Z
8062409548073563826 2403568547242862656 -7852097286033638279 7 172 0 2020-10-31T13:18:31.013Z
-3159229862955872329 2403568547242862656 4691985557983598619 7 124 0 2020-10-31T13:18:31.013Z
3742562748843185726 2403568547242862656 -1390037201470673134 7 204 0 2020-10-31T13:18:31.013Z
-6380037639321143795 5569147102080187892 2403568547242862656 14 117 0 2020-10-31T13:18:31.013Z
8421743039795987032 -4703596432442143319 5575326035050786221 16 340 0 2020-10-31T13:18:31.013Z
-6570731042316642450 2403568547242862656 -1586114440433006080 7 230 0 2020-10-31T13:18:31.013Z
5931413138357745434 2403568547242862656 -4307053642547476270 7 254 0 2020-10-31T13:18:31.013Z
4446307127464463615 2403568547242862656 -6722984174119174074 7 114 0 2020-10-31T13:18:31.013Z
8327347004740211866 2403568547242862656 5334575190759949790 7 112 0 2020-10-31T13:18:31.013Z
-6061335453412496466 -6063433380422776457 2403568547242862656 14 187 0 2020-10-31T13:18:31.013Z
4136206303396731872 2403568547242862656 -8017362975714141836 7 144 0 2020-10-31T13:18:31.013Z
-3033861932269973567 2403568547242862656 8336084328629693116 7 128 0 2020-10-31T13:18:31.013Z
2548939202582334651 2403568547242862656 5569147102080187892 7 110 0 2020-10-31T13:18:31.013Z
4283810406772609181 2403568547242862656 -3187920940761261090 7 222 0 2020-10-31T13:18:31.013Z
4094278130122443056 -6722984174119174074 2403568547242862656 14 115 0 2020-10-31T13:18:31.013Z
7405143084577523388 -3368391414335432693 2403568547242862656 14 285 0 2020-10-31T13:18:31.013Z
2189075738079362571 2403568547242862656 3502247508244079323 7 100 0 2020-10-31T13:18:31.013Z
9188504922283538001 2403568547242862656 -4557250093687152947 7 118 0 2020-10-31T13:18:31.013Z
3528874380072019005 2403568547242862656 2094182649280268209 7 122 0 2020-10-31T13:18:31.013Z
6685235042514267328 2403568547242862656 -8904130173384254205 7 116 0 2020-10-31T13:18:31.013Z
-7075496642967759447 2403568547242862656 -5702358026291101760 7 134 0 2020-10-31T13:18:31.013Z
6850322007564201560 2403568547242862656 7137072755947932224 7 224 0 2020-10-31T13:18:31.013Z
3862388385857351145 2403568547242862656 4524737837374838547 7 242 0 2020-10-31T13:18:31.013Z
7246408773675239012 2403568547242862656 -8537801788381044588 7 170 0 2020-10-31T13:18:31.013Z
5450521772085865591 -4703596432442143319 3698028773807633784 7 308 0 2020-10-31T13:18:31.013Z
-2874669346738855254 2403568547242862656 -6463452646076061931 7 136 0 2020-10-31T13:18:31.013Z
-4362905063666626586 2403568547242862656 -1955869971881756184 7 102 0 2020-10-31T13:18:31.013Z
6217807880705457798 2403568547242862656 5579826217445929196 7 194 0 2020-10-31T13:18:31.013Z
-7566455809875447798 2403568547242862656 4450132134749092185 7 130 0 2020-10-31T13:18:31.013Z
-1517509311177316314 2403568547242862656 858416802163779463 7 104 0 2020-10-31T13:18:31.013Z
-8164797266820527922 2403568547242862656 235397800206857811 7 180 0 2020-10-31T13:18:31.013Z
2865334248498345988 2403568547242862656 -5941216187292916705 7 138 0 2020-10-31T13:18:31.013Z
-4425525795961803674 2403568547242862656 -7626147272068525191 7 198 0 2020-10-31T13:18:31.013Z
-8864825568955447130 -4703596432442143319 -4738169215301433094 16 352 0 2020-10-31T13:18:31.013Z
-1960628017300805767 2403568547242862656 7471523821232328745 7 106 0 2020-10-31T13:18:31.013Z
8140212520075437874 8336084328629693116 2403568547242862656 14 157 0 2020-10-31T13:18:31.013Z
-8635388687607983157 2403568547242862656 4929946042712217301 7 234 0 2020-10-31T13:18:31.013Z
-548975256255115651 2403568547242862656 -3609799886383902693 7 120 0 2020-10-31T13:18:31.013Z
-4742603879178221805 2403568547242862656 8799131248853344429 7 232 0 2020-10-31T13:18:31.013Z
3965072906216402893 2403568547242862656 -5135464293371810198 7 162 0 2020-10-31T13:18:31.013Z
309588558982694574 2403568547242862656 -2367084756761487476 7 126 0 2020-10-31T13:18:31.013Z
-8129339723365033538 -8128694923755548720 2403568547242862656 14 209 0 2020-10-31T13:18:31.013Z
-5324715656208016049 4450132134749092185 2403568547242862656 14 131 0 2020-10-31T13:18:31.013Z
5277178939065692314 -5351488959624375283 2403568547242862656 14 291 0 2020-10-31T13:18:31.013Z
-3679116845830298810 2403568547242862656 -6476645120891436956 7 140 0 2020-10-31T13:18:31.013Z
1290196394555757620 2403568547242862656 -8128694923755548720 7 158 0 2020-10-31T13:18:31.013Z
-1869674361543282878 1526596631215174589 2403568547242862656 14 211 0 2020-10-31T13:18:31.013Z
-1663601467514538644 4811759488476407983 2403568547242862656 14 183 0 2020-10-31T13:18:31.013Z
4947856713850851020 -4826275269594773377 -4703596432442143319 14 384 0 2020-10-31T13:18:31.013Z
-7530291842239243458 2403568547242862656 -3368391414335432693 7 184 0 2020-10-31T13:18:31.013Z
-7784001595730847364 2403568547242862656 4306936867544283353 7 182 0 2020-10-31T13:18:31.013Z
-8693124434571615589 2403568547242862656 1884887424968065058 7 188 0 2020-10-31T13:18:31.013Z
8272081290742977125 -4703596432442143319 1587582482614114686 7 375 0 2020-10-31T13:18:31.013Z
5325963565187599851 2403568547242862656 -1282138088097714214 7 186 0 2020-10-31T13:18:31.013Z
-6193311336260018472 2403568547242862656 1649284475456881747 7 190 0 2020-10-31T13:18:31.013Z
3379837882655021254 2403568547242862656 54150225966925643 7 146 0 2020-10-31T13:18:31.013Z
-2254780214254311586 1884887424968065058 2403568547242862656 14 191 0 2020-10-31T13:18:31.013Z
5296142267790423846 2403568547242862656 -6189062650317148338 7 268 0 2020-10-31T13:18:31.013Z
-3589214313808448115 2403568547242862656 8764563348066666087 7 228 0 2020-10-31T13:18:31.013Z
2734291420686501440 2403568547242862656 8966204023276284888 7 196 0 2020-10-31T13:18:31.013Z
-2048073643260885729 2403568547242862656 7626162773454251138 7 200 0 2020-10-31T13:18:31.013Z
1741247821272962589 2403568547242862656 -419780222912014584 7 206 0 2020-10-31T13:18:31.013Z
-4469672546045155726 -7829420694930975369 -4703596432442143319 14 383 0 2020-10-31T13:18:31.013Z
-4767690048013290181 -4703596432442143319 -8621398681052778661 7 314 0 2020-10-31T13:18:31.013Z
4300528365356346158 2403568547242862656 -6250172227387822571 7 208 0 2020-10-31T13:18:31.013Z
6386234962480375108 2403568547242862656 2318754894169374742 7 212 0 2020-10-31T13:18:31.013Z
-3502225307584700025 2403568547242862656 3605141514485197090 7 236 0 2020-10-31T13:18:31.013Z
556331191990652104 2403568547242862656 -7507051988378028907 7 272 0 2020-10-31T13:18:31.013Z
3504179416099919365 2403568547242862656 4811759488476407983 7 176 0 2020-10-31T13:18:31.013Z
4662489568279209655 2403568547242862656 -5351488959624375283 7 214 0 2020-10-31T13:18:31.013Z
7503279963017036414 2403568547242862656 3173205826839407479 7 216 0 2020-10-31T13:18:31.013Z
1589494947596499041 2403568547242862656 -3519307060233529630 7 226 0 2020-10-31T13:18:31.013Z
-5148374408901187689 -4557250093687152947 2403568547242862656 14 121 0 2020-10-31T13:18:31.013Z
-5567310048875072792 2403568547242862656 7745266165583256942 7 262 0 2020-10-31T13:18:31.013Z
-5684959554528552522 2094182649280268209 2403568547242862656 14 231 0 2020-10-31T13:18:31.013Z
1638454853169923171 -4703596432442143319 -4738169215301433094 16 355 0 2020-10-31T13:18:31.013Z
3220610434450761976 2403568547242862656 4045422170507469845 7 238 0 2020-10-31T13:18:31.013Z
7898050602877320016 2403568547242862656 1165591466097087147 7 240 0 2020-10-31T13:18:31.013Z
-7407515277909340397 2403568547242862656 6182870871486941679 7 244 0 2020-10-31T13:18:31.013Z
6761939603292695081 -4703596432442143319 -4076192316611933582 7 325 0 2020-10-31T13:18:31.013Z
-173696600525120043 2403568547242862656 980025557989760103 7 280 0 2020-10-31T13:18:31.013Z
5524825373144491973 2403568547242862656 -2444910292132831033 7 246 0 2020-10-31T13:18:31.013Z
-6171605022692073645 2403568547242862656 -4419202093950616505 7 132 0 2020-10-31T13:18:31.013Z
-8809386073735443884 3502247508244079323 2403568547242862656 14 247 0 2020-10-31T13:18:31.013Z
43153035785599406 4691985557983598619 2403568547242862656 14 275 0 2020-10-31T13:18:31.013Z
8189346581307371964 2403568547242862656 -2936452260850732896 7 248 0 2020-10-31T13:18:31.013Z
2452659600370983747 2403568547242862656 -966159244681413640 7 220 0 2020-10-31T13:18:31.013Z
1608970963881903510 2403568547242862656 6998081713827488082 7 250 0 2020-10-31T13:18:31.013Z
3200177440278635356 -4703596432442143319 8672497442919069513 7 365 0 2020-10-31T13:18:31.013Z
3009878069895796400 -8309903864077270121 2403568547242862656 14 251 0 2020-10-31T13:18:31.013Z
8712912015964108268 -1982168724956451449 2403568547242862656 14 243 0 2020-10-31T13:18:31.013Z
807235510848370989 2403568547242862656 6294035510833265512 7 256 0 2020-10-31T13:18:31.013Z
-2613028980948290979 2403568547242862656 6407818979187759446 7 258 0 2020-10-31T13:18:31.013Z
