138
-4703596432442143319 0
3749784207781554720 1
-1809581961350450110 2
3092978643625585728 3
4270303748944146355 4
5091531099454493674 5
2403568547242862656 6
-8767852232018156156 7
8986035903437902943 8
5632816572667141058 9
7685531398648824972 10
7320400160211605401 11
1413835382339627648 12
-5342348570234697358 13
6794511879631153064 14
8672497442919069513 15
-6236749620428395691 16
-4826275269594773377 17
5899516494984699438 18
-8621398681052778661 19
3698028773807633784 20
-7065095552428948216 21
454478236759602128 22
-6417604546300035199 23
5273164291986674270 24
3173205826839407479 25
-1883804970665214568 26
4306936867544283353 27
4707315620909343304 28
7829532258151718976 29
-7852097286033638279 30
1587582482614114686 31
-8896829175984521255 32
-7829420694930975369 33
2119808430777318074 34
-5702358026291101760 35
7422054664126138325 36
1526596631215174589 37
-6248440899098661684 38
54150225966925643 39
2746809649310451257 40
-5175339754869855152 41
-6024031315157243476 42
7745266165583256942 43
-6189062650317148338 44
5334575190759949790 45
-4076192316611933582 46
-1955869971881756184 47
-4852504751172555735 48
-8309903864077270121 49
6182870871486941679 50
-6063433380422776457 51
5569147102080187892 52
4811759488476407983 53
-4419202093950616505 54
-8128694923755548720 55
-5135464293371810198 56
7626162773454251138 57
-3187920940761261090 58
689102468086756431 59
4691985557983598619 60
858416802163779463 61
-8537801788381044588 62
-4557250093687152947 63
8336084328629693116 64
-6722984174119174074 65
7471523821232328745 66
1649284475456881747 67
-1282138088097714214 68
3502247508244079323 69
-6476645120891436956 70
-4321368863675514463 71
-5941216187292916705 72
-1586114440433006080 73
-2367084756761487476 74
4450132134749092185 75
-6463452646076061931 76
-8017362975714141836 77
-6250172227387822571 78
5579826217445929196 79
-1982168724956451449 80
8966204023276284888 81
-1588928048638714666 82
6407818979187759446 83
-7626147272068525191 84
235397800206857811 85
-5926562819243403443 86
-840468206558416647 87
-1390037201470673134 88
-419780222912014584 89
-3368391414335432693 90
980025557989760103 91
2318754894169374742 92
-5351488959624375283 93
-4307053642547476270 94
2404097345027076070 95
-2936452260850732896 96
8706717564262335637 97
-966159244681413640 98
7137072755947932224 99
-3519307060233529630 100
489111811641808336 101
1165591466097087147 102
-977640587370066893 103
-8904130173384254205 104
8764563348066666087 105
4929946042712217301 106
3605141514485197090 107
47237810126425776 108
3970928914842338733 109
4045422170507469845 110
-4283142760151437131 111
5823373636445420698 112
4524737837374838547 113
-5044083763461832432 114
-2444910292132831033 115
6998081713827488082 116
4477806978927575247 117
1884887424968065058 118
904744579702558901 119
6294035510833265512 120
-6211243601141303906 121
-7507051988378028907 122
-574058792051504207 123
6950251227229908694 124
8799131248853344429 125
-3609799886383902693 126
6613634759633322494 127
3862227405757714709 128
2094182649280268209 129
4473707667523814788 130
6197513436257750269 131
-4738169215301433094 132
2559255418745652728 133
5575326035050786221 134
8879561839860320972 135
-7693453873557714722 136
-712738692925636089 137