30
0 12 13 14 135 48 132 137 41 18 136 101 21 22 124 133 16 132 136 134 82 17 32 108 134 20 132 31 19 132 46 15
110 0
47 0
6 23 24 103 131 87 130 42 128 0 40 127 112 123 121 29 95 109 71 97 36 28 114 33 34 111 49 37 26 80 119 51 38 86 59 117 30 60 88 73 94 65 45 77 64 52 58 69 63 129 104 35 99 113 62 76 47 79 75 61 85 72 84 66 106 126 125 56 74 70 55 90 27 118 68 67 39 44 105 81 57 89 78 92 107 122 53 93 25 100 43 110 102 50 91 115 54 96 98 116 120 83
59 6
127 6
16 0
71 6
44 6
104 0
70 6
52 6
51 6
65 6
90 6
64 6
55 6
75 6
93 6
37 6
53 6
17 0
118 6
33 0
63 6
129 6
69 6
60 6
49 6
80 6