138
-4703596432442143319 1
3749784207781554720 1
-1809581961350450110 1
3092978643625585728 1
4270303748944146355 1
5091531099454493674 1
2403568547242862656 1
-8767852232018156156 1
8986035903437902943 1
5632816572667141058 1
7685531398648824972 1
7320400160211605401 1
1413835382339627648 2
-5342348570234697358 2
6794511879631153064 2
8672497442919069513 2
-6236749620428395691 2
-4826275269594773377 2
5899516494984699438 2
-8621398681052778661 2
3698028773807633784 2
-7065095552428948216 2
454478236759602128 2
-6417604546300035199 2
5273164291986674270 2
3173205826839407479 2
-1883804970665214568 2
4306936867544283353 2
4707315620909343304 2
7829532258151718976 2
-7852097286033638279 2
1587582482614114686 2
-8896829175984521255 2
-7829420694930975369 2
2119808430777318074 2
-5702358026291101760 2
7422054664126138325 2
1526596631215174589 2
-6248440899098661684 2
54150225966925643 2
2746809649310451257 2
-5175339754869855152 2
-6024031315157243476 2
7745266165583256942 2
-6189062650317148338 2
5334575190759949790 2
-4076192316611933582 2
-1955869971881756184 2
-4852504751172555735 2
-8309903864077270121 2
6182870871486941679 2
-6063433380422776457 2
5569147102080187892 2
4811759488476407983 2
-4419202093950616505 2
-8128694923755548720 2
-5135464293371810198 2
7626162773454251138 2
-3187920940761261090 2
689102468086756431 2
4691985557983598619 2
858416802163779463 2
-8537801788381044588 2
-4557250093687152947 2
8336084328629693116 2
-6722984174119174074 2
7471523821232328745 2
1649284475456881747 2
-1282138088097714214 2
3502247508244079323 2
-6476645120891436956 2
-4321368863675514463 2
-5941216187292916705 2
-1586114440433006080 2
-2367084756761487476 2
4450132134749092185 2
-6463452646076061931 2
-8017362975714141836 2
-6250172227387822571 2
5579826217445929196 2
-1982168724956451449 2
8966204023276284888 2
-1588928048638714666 2
6407818979187759446 2
-7626147272068525191 2
235397800206857811 2
-5926562819243403443 2
-840468206558416647 2
-1390037201470673134 2
-419780222912014584 2
-3368391414335432693 2
980025557989760103 2
2318754894169374742 2
-5351488959624375283 2
-4307053642547476270 2
2404097345027076070 2
-2936452260850732896 2
8706717564262335637 2
-966159244681413640 2
7137072755947932224 2
-3519307060233529630 2
489111811641808336 2
1165591466097087147 2
-977640587370066893 2
-8904130173384254205 2
8764563348066666087 2
4929946042712217301 2
3605141514485197090 2
47237810126425776 2
3970928914842338733 2
4045422170507469845 2
-4283142760151437131 2
5823373636445420698 2
4524737837374838547 2
-5044083763461832432 2
-2444910292132831033 2
6998081713827488082 2
4477806978927575247 2
1884887424968065058 2
904744579702558901 2
6294035510833265512 2
-6211243601141303906 2
-7507051988378028907 2
-574058792051504207 2
6950251227229908694 2
8799131248853344429 2
-3609799886383902693 2
6613634759633322494 2
3862227405757714709 2
2094182649280268209 2
4473707667523814788 2
6197513436257750269 2
-4738169215301433094 3
2559255418745652728 3
5575326035050786221 3
8879561839860320972 3
-7693453873557714722 3
-712738692925636089 3
