160
0 12 7
0 13 7
0 14 7
0 135 16
0 48 7
0 132 16
0 137 16
0 41 7
110 0 14
0 18 7
0 136 16
0 101 7
47 0 14
0 21 7
0 22 7
0 124 7
6 23 7
6 24 7
59 6 14
0 133 16
0 16 7
6 103 7
6 131 7
6 87 7
6 130 7
127 6 14
6 42 7
16 0 14
6 128 7
6 0 3
6 40 7
71 6 14
6 127 7
6 112 7
6 123 7
0 132 16
44 6 14
6 121 7
0 136 16
6 29 7
6 95 7
6 109 7
6 71 7
6 97 7
6 36 7
0 134 16
6 28 7
6 114 7
0 82 7
6 33 7
6 34 7
6 111 7
6 49 7
6 37 7
104 0 14
6 26 7
6 80 7
6 119 7
6 51 7
0 17 7
6 38 7
6 86 7
0 32 7
70 6 14
6 59 7
6 117 7
0 108 7
6 30 7
6 60 7
6 88 7
52 6 14
0 134 16
6 73 7
6 94 7
6 65 7
6 45 7
51 6 14
6 77 7
6 64 7
6 52 7
6 58 7
65 6 14
90 6 14
6 69 7
6 63 7
6 129 7
6 104 7
6 35 7
6 99 7
6 113 7
6 62 7
0 20 7
6 76 7
6 47 7
6 79 7
6 75 7
6 61 7
6 85 7
6 72 7
6 84 7
0 132 16
6 66 7
64 6 14
6 106 7
6 126 7
6 125 7
6 56 7
6 74 7
55 6 14
75 6 14
93 6 14
6 70 7
6 55 7
37 6 14
53 6 14
17 0 14
6 90 7
6 27 7
6 118 7
0 31 7
6 68 7
6 67 7
6 39 7
118 6 14
6 44 7
6 105 7
6 81 7
6 57 7
6 89 7
33 0 14
0 19 7
6 78 7
6 92 7
6 107 7
6 122 7
6 53 7
6 93 7
6 25 7
6 100 7
63 6 14
6 43 7
129 6 14
0 132 16
6 110 7
6 102 7
6 50 7
0 46 7
6 91 7
6 115 7
6 54 7
69 6 14
60 6 14
6 96 7
6 98 7
6 116 7
0 15 7
49 6 14
80 6 14
6 120 7
6 83 7