72
-2334733110490655387 1404389661225502000 -8964952486573412780 14 101 0 2020-10-31T13:18:31.013Z
923816755571293994 -8964952486573412780 896692802674505370 7 98 0 2020-10-31T13:18:31.013Z
3614681768560475030 -4925101941841017883 -8549633448280951855 3 97 0 2020-10-31T13:18:31.013Z
-4808091032095909760 -8964952486573412780 6199781490621492498 7 93 0 2020-10-31T13:18:31.013Z
-7287252073877937420 -8964952486573412780 8691448597593266117 7 90 0 2020-10-31T13:18:31.013Z
2514433555733322984 5125779763943757403 -8964952486573412780 14 85 0 2020-10-31T13:18:31.013Z
577001939151582973 -8964952486573412780 5125779763943757403 7 84 0 2020-10-31T13:18:31.013Z
-4754551103772171196 -8964952486573412780 1006191385222359390 7 82 0 2020-10-31T13:18:31.013Z
8123028558765820374 -8964952486573412780 -7971319248484202753 7 78 0 2020-10-31T13:18:31.013Z
-49553140123270590 -3374601106183041932 -8964952486573412780 14 87 0 2020-10-31T13:18:31.013Z
8703530591641827672 1006191385222359390 -8964952486573412780 14 83 0 2020-10-31T13:18:31.013Z
5986006497742528466 -8964952486573412780 2628790133408323898 7 76 0 2020-10-31T13:18:31.013Z
-229319816048244512 4990298743953328592 -8964952486573412780 14 91 0 2020-10-31T13:18:31.013Z
5471915470744093824 -8964952486573412780 250677414149063433 7 74 0 2020-10-31T13:18:31.013Z
4631538714283706170 -2585604287193324568 -8964952486573412780 14 71 0 2020-10-31T13:18:31.013Z
5874314583078282812 -8964952486573412780 -2479604324660916839 7 36 0 2020-10-31T13:18:31.013Z
5403178087109763188 -3429261561664433471 -8964952486573412780 14 35 0 2020-10-31T13:18:31.013Z
-8563162279646090242 -8964952486573412780 -8347580518769291027 7 34 0 2020-10-31T13:18:31.013Z
-2600171472526972175 4671504308370797410 -8964952486573412780 14 39 0 2020-10-31T13:18:31.013Z
-7501671803122283235 -8964952486573412780 -7327440667975079842 7 62 0 2020-10-31T13:18:31.013Z
5368842317334435296 -8964952486573412780 -7362583474991066721 7 28 0 2020-10-31T13:18:31.013Z
-8484584758724418951 -8964952486573412780 3814102623024379132 7 24 0 2020-10-31T13:18:31.013Z
5987129987397437250 -8964952486573412780 4671504308370797410 7 38 0 2020-10-31T13:18:31.013Z
-574534729896273460 -8964952486573412780 5658279172323650148 7 80 0 2020-10-31T13:18:31.013Z
-7340546702329082878 -8347580518769291027 -8964952486573412780 14 65 0 2020-10-31T13:18:31.013Z
-3994940123699684650 -8964952486573412780 4933490087467347153 7 26 0 2020-10-31T13:18:31.013Z
4816079679197679988 -8964952486573412780 -5137426644039753445 7 18 0 2020-10-31T13:18:31.013Z
6259271055407060551 -8964952486573412780 2396349001972695861 7 72 0 2020-10-31T13:18:31.013Z
3983333233582339311 -272445324518063855 -8964952486573412780 14 19 0 2020-10-31T13:18:31.013Z
-559147548047568275 -8964952486573412780 3302301425191011882 7 8 0 2020-10-31T13:18:31.013Z
-8187336623780969743 -8964952486573412780 7550774353365342965 7 42 0 2020-10-31T13:18:31.013Z
-7058129402697260269 -8964952486573412780 -2304331992798786983 7 44 0 2020-10-31T13:18:31.013Z
-4476343207536039178 -8964952486573412780 -4419202093950616505 7 6 0 2020-10-31T13:18:31.013Z
449499324028770395 -7362583474991066721 -8964952486573412780 14 29 0 2020-10-31T13:18:31.013Z
-3499171234141256068 -8964952486573412780 -3374601106183041932 7 0 0 2020-10-31T13:18:31.013Z
-8539232785221712559 -8964952486573412780 -2497373673308669353 7 2 0 2020-10-31T13:18:31.013Z
-7470952887033270837 -7971319248484202753 -8964952486573412780 14 94 0 2020-10-31T13:18:31.013Z
-1569225701811687448 -8964952486573412780 -4925101941841017883 3 92 0 2020-10-31T13:18:31.013Z
177641361881095247 -8964952486573412780 4691985557983598619 7 22 0 2020-10-31T13:18:31.013Z
8611916455460783087 -2497373673308669353 -8964952486573412780 14 99 0 2020-10-31T13:18:31.013Z
-98785370679416934 -8964952486573412780 9130532441342618772 7 14 0 2020-10-31T13:18:31.013Z
1041008001242213251 -8964952486573412780 1853445360531397002 7 10 0 2020-10-31T13:18:31.013Z
-1509065818671880759 -8964952486573412780 -3459934076048591986 7 56 0 2020-10-31T13:18:31.013Z
-1171192049528176322 128819524496933016 -8964952486573412780 14 96 0 2020-10-31T13:18:31.013Z
-6617831859205923815 -8964952486573412780 736058162942532128 7 12 0 2020-10-31T13:18:31.013Z
3530811178747108514 -8964952486573412780 1356612996620170647 7 46 0 2020-10-31T13:18:31.013Z
-8606372612638591911 -8964952486573412780 -1177848874182058719 7 95 0 2020-10-31T13:18:31.013Z
-6363817106041565306 -8964952486573412780 3878935039060445813 7 50 0 2020-10-31T13:18:31.013Z
-5380443643212583560 -8964952486573412780 -3429261561664433471 7 30 0 2020-10-31T13:18:31.013Z
-1775398570473983174 9130532441342618772 -8964952486573412780 14 15 0 2020-10-31T13:18:31.013Z
8046074446985312072 -8964952486573412780 8282720996690300906 7 54 0 2020-10-31T13:18:31.013Z
-884554272554754742 -5137426644039753445 -8964952486573412780 14 53 0 2020-10-31T13:18:31.013Z
4385453799640741588 -8964952486573412780 2242719992591152822 7 32 0 2020-10-31T13:18:31.013Z
-8880217174505162126 -8964952486573412780 3754913089122607294 7 16 0 2020-10-31T13:18:31.013Z
6396943491755641831 -8964952486573412780 -4754960797459034347 7 88 0 2020-10-31T13:18:31.013Z
7710728449469570688 -8964952486573412780 4990298743953328592 7 48 0 2020-10-31T13:18:31.013Z
6360152428951600142 -2479604324660916839 -8964952486573412780 14 37 0 2020-10-31T13:18:31.013Z
6323603278150541694 -8964952486573412780 -2585604287193324568 7 40 0 2020-10-31T13:18:31.013Z
8553332444636381426 -2304331992798786983 -8964952486573412780 14 49 0 2020-10-31T13:18:31.013Z
-759295291024334266 3814102623024379132 -8964952486573412780 14 43 0 2020-10-31T13:18:31.013Z
6750537701131184718 -8964952486573412780 128819524496933016 7 58 0 2020-10-31T13:18:31.013Z
3969206242143613230 -8964952486573412780 1404389661225502000 7 100 0 2020-10-31T13:18:31.013Z
6034359947909154014 -8964952486573412780 8137279408668264571 7 52 0 2020-10-31T13:18:31.013Z
-4016442645983302731 -8964952486573412780 -8861058656374749402 7 60 0 2020-10-31T13:18:31.013Z
5352744263226981005 -8964952486573412780 -1187524759265122837 7 86 0 2020-10-31T13:18:31.013Z
-3272198918196054258 -8861058656374749402 -8964952486573412780 14 61 0 2020-10-31T13:18:31.013Z
-7544105195557874827 -8964952486573412780 -5045844968814613123 7 66 0 2020-10-31T13:18:31.013Z
7896490285978729953 -8964952486573412780 -7762331728930385069 7 64 0 2020-10-31T13:18:31.013Z
6796138612584406159 -8964952486573412780 4204625467673166213 7 20 0 2020-10-31T13:18:31.013Z
-5958393807524375983 -8964952486573412780 -8195067360820996730 7 68 0 2020-10-31T13:18:31.013Z
6902231333712069365 -8964952486573412780 -272445324518063855 7 4 0 2020-10-31T13:18:31.013Z
-2461052423048175323 -8964952486573412780 -6445735278100220368 7 70 0 2020-10-31T13:18:31.013Z
