53
-8549633448280951855 0
-8964952486573412780 1
-4925101941841017883 2
1404389661225502000 3
896692802674505370 4
-2585604287193324568 5
-7327440667975079842 6
4691985557983598619 7
250677414149063433 8
-7362583474991066721 9
3814102623024379132 10
1853445360531397002 11
3302301425191011882 12
-1177848874182058719 13
-8861058656374749402 14
-4419202093950616505 15
-6445735278100220368 16
736058162942532128 17
1356612996620170647 18
-2497373673308669353 19
-8347580518769291027 20
-272445324518063855 21
-2479604324660916839 22
-8195067360820996730 23
4204625467673166213 24
9130532441342618772 25
4933490087467347153 26
-3459934076048591986 27
-3429261561664433471 28
-2304331992798786983 29
3754913089122607294 30
-5137426644039753445 31
-3374601106183041932 32
8137279408668264571 33
2628790133408323898 34
5125779763943757403 35
6199781490621492498 36
4990298743953328592 37
5658279172323650148 38
3878935039060445813 39
7550774353365342965 40
8282720996690300906 41
128819524496933016 42
-7762331728930385069 43
-5045844968814613123 44
2396349001972695861 45
4671504308370797410 46
2242719992591152822 47
-7971319248484202753 48
1006191385222359390 49
-1187524759265122837 50
-4754960797459034347 51
8691448597593266117 52