53
-8549633448280951855 1
-8964952486573412780 1
-4925101941841017883 1
1404389661225502000 2
896692802674505370 2
-2585604287193324568 2
-7327440667975079842 2
4691985557983598619 2
250677414149063433 2
-7362583474991066721 2
3814102623024379132 2
1853445360531397002 2
3302301425191011882 2
-1177848874182058719 2
-8861058656374749402 2
-4419202093950616505 2
-6445735278100220368 2
736058162942532128 2
1356612996620170647 2
-2497373673308669353 2
-8347580518769291027 2
-272445324518063855 2
-2479604324660916839 2
-8195067360820996730 2
4204625467673166213 2
9130532441342618772 2
4933490087467347153 2
-3459934076048591986 2
-3429261561664433471 2
-2304331992798786983 2
3754913089122607294 2
-5137426644039753445 2
-3374601106183041932 2
8137279408668264571 2
2628790133408323898 2
5125779763943757403 2
6199781490621492498 2
4990298743953328592 2
5658279172323650148 2
3878935039060445813 2
7550774353365342965 2
8282720996690300906 2
128819524496933016 2
-7762331728930385069 2
-5045844968814613123 2
2396349001972695861 2
4671504308370797410 2
2242719992591152822 2
-7971319248484202753 2
1006191385222359390 2
-1187524759265122837 2
-4754960797459034347 2
8691448597593266117 2
