72
3 1 14
1 4 7
2 0 3
1 36 7
1 52 7
35 1 14
1 35 7
1 49 7
1 48 7
32 1 14
49 1 14
1 34 7
37 1 14
1 8 7
5 1 14
1 22 7
28 1 14
1 20 7
46 1 14
1 6 7
1 9 7
1 10 7
1 46 7
1 38 7
20 1 14
1 26 7
1 31 7
1 45 7
21 1 14
1 12 7
1 40 7
1 29 7
1 15 7
9 1 14
1 32 7
1 19 7
48 1 14
1 2 3
1 7 7
19 1 14
1 25 7
1 11 7
1 27 7
42 1 14
1 17 7
1 18 7
1 13 7
1 39 7
1 28 7
25 1 14
1 41 7
31 1 14
1 47 7
1 30 7
1 51 7
1 37 7
22 1 14
1 5 7
29 1 14
10 1 14
1 42 7
1 3 7
1 33 7
1 14 7
1 50 7
14 1 14
1 44 7
1 43 7
1 24 7
1 23 7
1 21 7
1 16 7