68
-3037371305674484042 2110053978904417495 -8101234613412327663 7 109 0 2020-10-31T13:18:31.013Z
-5788940611226108003 2110053978904417495 -3717709318484422177 7 105 0 2020-10-31T13:18:31.013Z
-1634405223977660551 2110053978904417495 2694044209419385905 7 103 0 2020-10-31T13:18:31.013Z
-1561093864622359548 2110053978904417495 -5727377217384377386 3 102 0 2020-10-31T13:18:31.013Z
2153940888724762706 3010205171714125741 2110053978904417495 3 97 0 2020-10-31T13:18:31.013Z
-4035244017860303730 -2975986158103972530 -174717277757027484 7 92 0 2020-10-31T13:18:31.013Z
4645329431360078960 2035238680324163513 -4944173875500294713 7 90 0 2020-10-31T13:18:31.013Z
1488374955708136940 2035238680324163513 5577538892647823156 7 88 0 2020-10-31T13:18:31.013Z
-8347757062338182293 7498092279288240195 2035238680324163513 14 87 0 2020-10-31T13:18:31.013Z
6176123637979357724 -7296300120754750686 2035238680324163513 14 85 0 2020-10-31T13:18:31.013Z
-2875640668628331420 2035238680324163513 3554891087412779651 7 84 0 2020-10-31T13:18:31.013Z
1378391965726134682 -2975986158103972530 3010205171714125741 3 93 0 2020-10-31T13:18:31.013Z
652866994586727814 2035238680324163513 -6131898110744566805 7 82 0 2020-10-31T13:18:31.013Z
889922667426912226 2035238680324163513 6868190886987276709 7 80 0 2020-10-31T13:18:31.013Z
-6742088007851279708 -6972646845868528670 2035238680324163513 14 77 0 2020-10-31T13:18:31.013Z
-572320455938082810 2035238680324163513 7152010050593362759 7 36 0 2020-10-31T13:18:31.013Z
-1787012556933300675 2035238680324163513 -3779245703808428533 7 42 0 2020-10-31T13:18:31.013Z
-8625206121186907047 2110053978904417495 4925212482745864060 7 107 0 2020-10-31T13:18:31.013Z
-3355384407178930722 2035238680324163513 4205624391875137184 7 86 0 2020-10-31T13:18:31.013Z
-491144352554357839 2035238680324163513 6890386968354594278 7 78 0 2020-10-31T13:18:31.013Z
-3900096591323754547 2035238680324163513 3290423760934885141 7 62 0 2020-10-31T13:18:31.013Z
6701761543735185752 2035238680324163513 5730711817006092193 7 34 0 2020-10-31T13:18:31.013Z
3632469934738476915 2035238680324163513 -4449743243455640118 7 38 0 2020-10-31T13:18:31.013Z
-6261256734760634514 2035238680324163513 5806730739520748195 7 16 0 2020-10-31T13:18:31.013Z
1016155824025246325 2035238680324163513 -7296300120754750686 7 24 0 2020-10-31T13:18:31.013Z
-6809203475009295162 2035238680324163513 8336341963951988906 7 32 0 2020-10-31T13:18:31.013Z
552375201631108426 2035238680324163513 8815311016034266439 7 20 0 2020-10-31T13:18:31.013Z
3917948962024703817 2035238680324163513 -2454892885140166343 7 26 0 2020-10-31T13:18:31.013Z
-8862077672029512988 2035238680324163513 -3786362010330676431 7 14 0 2020-10-31T13:18:31.013Z
-1506567364534081577 2035238680324163513 7706995888831316656 7 4 0 2020-10-31T13:18:31.013Z
5249103380477166923 2035238680324163513 -2907875895779431358 7 30 0 2020-10-31T13:18:31.013Z
2625669735080786815 2035238680324163513 6804442166688657304 7 2 0 2020-10-31T13:18:31.013Z
4090757725321540096 2035238680324163513 -7711141586051013107 7 28 0 2020-10-31T13:18:31.013Z
-7966533973467072356 2035238680324163513 1639268503569459464 7 52 0 2020-10-31T13:18:31.013Z
-4314526525658698797 7152010050593362759 2035238680324163513 14 59 0 2020-10-31T13:18:31.013Z
-3927038798631964186 2035238680324163513 4695700213058004365 7 10 0 2020-10-31T13:18:31.013Z
6983538052895484741 2110053978904417495 1045691185749475663 7 99 0 2020-10-31T13:18:31.013Z
-4732371781987648068 469330092667491253 2035238680324163513 14 13 0 2020-10-31T13:18:31.013Z
4377343727489913934 -956335601360887140 -7630841862127222096 3 101 0 2020-10-31T13:18:31.013Z
657085881864189286 2035238680324163513 5336819771939737673 7 8 0 2020-10-31T13:18:31.013Z
3841693687107367494 2035238680324163513 5672457050781853629 7 12 0 2020-10-31T13:18:31.013Z
-5992524456230106044 2035238680324163513 4772641855343380032 7 40 0 2020-10-31T13:18:31.013Z
-5654535407249859085 2035238680324163513 -4399784793295395368 7 18 0 2020-10-31T13:18:31.013Z
7424283127190271042 5730711817006092193 2035238680324163513 14 45 0 2020-10-31T13:18:31.013Z
119127042056476418 2035238680324163513 -2956521778278367778 7 0 0 2020-10-31T13:18:31.013Z
-5203421376320100248 2035238680324163513 2156523275847675306 7 46 0 2020-10-31T13:18:31.013Z
4467749359665890183 2035238680324163513 885869836608404721 7 50 0 2020-10-31T13:18:31.013Z
2364689321611970887 2035238680324163513 1608806621831266974 7 64 0 2020-10-31T13:18:31.013Z
5833298495315810278 2035238680324163513 -2503590376904006411 7 48 0 2020-10-31T13:18:31.013Z
-4621062992888977056 5168767064094682656 2035238680324163513 14 61 0 2020-10-31T13:18:31.013Z
-4129050721998809006 2035238680324163513 -6972646845868528670 7 54 0 2020-10-31T13:18:31.013Z
-3666099844010263266 3010205171714125741 3010205171714125741 3 94 0 2020-10-31T13:18:31.013Z
3311090509903347841 2035238680324163513 5168767064094682656 7 22 0 2020-10-31T13:18:31.013Z
327060885775432680 -4399784793295395368 2035238680324163513 14 55 0 2020-10-31T13:18:31.013Z
9104530857695711626 2035238680324163513 469330092667491253 7 6 0 2020-10-31T13:18:31.013Z
-1701298957906667784 2035238680324163513 3049245628432931229 7 56 0 2020-10-31T13:18:31.013Z
8809366425341937498 -2907875895779431358 2035238680324163513 14 57 0 2020-10-31T13:18:31.013Z
-8313985406501342939 -2454892885140166343 2035238680324163513 14 75 0 2020-10-31T13:18:31.013Z
-4546911065363992297 2035238680324163513 -4945617448497608429 7 60 0 2020-10-31T13:18:31.013Z
5529736452840227636 2035238680324163513 -2510588030216535784 7 70 0 2020-10-31T13:18:31.013Z
4634292043712202682 5672457050781853629 2035238680324163513 14 63 0 2020-10-31T13:18:31.013Z
3662310776495985865 2035238680324163513 -5624820421663453412 7 44 0 2020-10-31T13:18:31.013Z
-1875763872663781751 2035238680324163513 -2907151526984375262 7 66 0 2020-10-31T13:18:31.013Z
-1492989086184617074 2035238680324163513 7498092279288240195 7 68 0 2020-10-31T13:18:31.013Z
-3786926482522824282 2035238680324163513 5374979080791212823 7 72 0 2020-10-31T13:18:31.013Z
5641778105059362162 2035238680324163513 -5018655402938426813 7 58 0 2020-10-31T13:18:31.013Z
-5246080142839194148 2035238680324163513 7927476602468721692 7 74 0 2020-10-31T13:18:31.013Z
4912365490200121428 2035238680324163513 3165486009743820898 7 76 0 2020-10-31T13:18:31.013Z
