99
-5727377217384377386 0
1444235790677617594 1
5626572171415944225 2
-8576312221903299253 3
-7337386657433913783 4
6089493423217453249 5
-4382691905463821165 6
3268941686371663934 7
6595807136594624933 8
2319677352076825694 9
8382047417699103472 10
4384309129990763096 11
218753533554751523 12
-442055703624529411 13
-826243519082053207 14
-6390466470479412362 15
6713660229818288778 16
4846420341547296388 17
-2975986158103972530 18
-1487976961720367294 19
8030075415079606828 20
595256785153032960 21
3240263583961572860 22
-956335601360887140 23
2206061864743711555 24
-7440534323587102475 25
5452696771650563256 26
6665599690112929129 27
-1482685779515056255 28
-5311308886992270674 29
3010205171714125741 30
-3723048507552747752 31
-8076154174379575510 32
4248992107858020308 33
-7630841862127222096 34
-778893165346030884 35
2035238680324163513 36
2592534229832394642 37
-1712245582399270207 38
5577516531178043162 39
2110053978904417495 40
-7998448116820017966 41
-6280607100221359988 42
6077980243373983842 43
-4374771076178254471 44
7550700609339122366 45
-7112082319022299585 46
-3717709318484422177 47
4925212482745864060 48
5730711817006092193 49
-5624820421663453412 50
-2907875895779431358 51
-7711141586051013107 52
5577538892647823156 53
-7296300120754750686 54
-4399784793295395368 55
-3779245703808428533 56
8815311016034266439 57
3554891087412779651 58
1045691185749475663 59
469330092667491253 60
-2454892885140166343 61
7706995888831316656 62
-2510588030216535784 63
5806730739520748195 64
6804442166688657304 65
-174717277757027484 66
5168767064094682656 67
3165486009743820898 68
4772641855343380032 69
5672457050781853629 70
5336819771939737673 71
-2956521778278367778 72
2694044209419385905 73
-3786362010330676431 74
1639268503569459464 75
4695700213058004365 76
-2503590376904006411 77
8336341963951988906 78
885869836608404721 79
-6972646845868528670 80
7152010050593362759 81
-6131898110744566805 82
3049245628432931229 83
-5018655402938426813 84
-4945617448497608429 85
2156523275847675306 86
3290423760934885141 87
1608806621831266974 88
7927476602468721692 89
-2907151526984375262 90
7498092279288240195 91
5374979080791212823 92
-4449743243455640118 93
-4944173875500294713 94
6890386968354594278 95
6868190886987276709 96
-8101234613412327663 97
4205624391875137184 98