99
-5727377217384377386 1
1444235790677617594 1
5626572171415944225 1
-8576312221903299253 1
-7337386657433913783 1
6089493423217453249 1
-4382691905463821165 1
3268941686371663934 1
6595807136594624933 1
2319677352076825694 1
8382047417699103472 1
4384309129990763096 1
218753533554751523 1
-442055703624529411 1
-826243519082053207 1
-6390466470479412362 1
6713660229818288778 1
4846420341547296388 1
-2975986158103972530 1
-1487976961720367294 1
8030075415079606828 1
595256785153032960 1
3240263583961572860 1
-956335601360887140 1
2206061864743711555 1
-7440534323587102475 1
5452696771650563256 1
6665599690112929129 1
-1482685779515056255 1
-5311308886992270674 1
3010205171714125741 1
-3723048507552747752 1
-8076154174379575510 1
4248992107858020308 1
-7630841862127222096 1
-778893165346030884 1
2035238680324163513 1
2592534229832394642 1
-1712245582399270207 1
5577516531178043162 1
2110053978904417495 1
-7998448116820017966 1
-6280607100221359988 1
6077980243373983842 1
-4374771076178254471 1
7550700609339122366 1
-7112082319022299585 1
-3717709318484422177 2
4925212482745864060 2
5730711817006092193 2
-5624820421663453412 2
-2907875895779431358 2
-7711141586051013107 2
5577538892647823156 2
-7296300120754750686 2
-4399784793295395368 2
-3779245703808428533 2
8815311016034266439 2
3554891087412779651 2
1045691185749475663 2
469330092667491253 2
-2454892885140166343 2
7706995888831316656 2
-2510588030216535784 2
5806730739520748195 2
6804442166688657304 2
-174717277757027484 2
5168767064094682656 2
3165486009743820898 2
4772641855343380032 2
5672457050781853629 2
5336819771939737673 2
-2956521778278367778 2
2694044209419385905 2
-3786362010330676431 2
1639268503569459464 2
4695700213058004365 2
-2503590376904006411 2
8336341963951988906 2
885869836608404721 2
-6972646845868528670 2
7152010050593362759 2
-6131898110744566805 2
3049245628432931229 2
-5018655402938426813 2
-4945617448497608429 2
2156523275847675306 2
3290423760934885141 2
1608806621831266974 2
7927476602468721692 2
-2907151526984375262 2
7498092279288240195 2
5374979080791212823 2
-4449743243455640118 2
-4944173875500294713 2
6890386968354594278 2
6868190886987276709 2
-8101234613412327663 2
4205624391875137184 2
