68
40 97 7
40 47 7
40 73 7
40 0 3
30 40 3
18 66 7
36 94 7
36 53 7
91 36 14
54 36 14
36 58 7
18 30 3
36 82 7
36 96 7
80 36 14
36 81 7
36 56 7
40 48 7
36 98 7
36 95 7
36 87 7
36 49 7
36 93 7
36 64 7
36 54 7
36 78 7
36 57 7
36 61 7
36 74 7
36 62 7
36 51 7
36 65 7
36 52 7
36 75 7
81 36 14
36 76 7
40 59 7
60 36 14
23 34 3
36 71 7
36 70 7
36 69 7
36 55 7
49 36 14
36 72 7
36 86 7
36 79 7
36 88 7
36 77 7
67 36 14
36 80 7
30 30 3
36 67 7
55 36 14
36 60 7
36 83 7
51 36 14
61 36 14
36 85 7
36 63 7
70 36 14
36 50 7
36 90 7
36 91 7
36 92 7
36 84 7
36 89 7
36 68 7