93
2092884435924108538 -1895372388335133811 -581137075428418753 7 331 0 2020-10-31T13:18:31.013Z
-2416044918894936583 7146601781909273930 -7685293334648136514 7 327 0 2020-10-31T13:18:31.013Z
-7956879262645366295 7146601781909273930 500585512766024302 7 325 0 2020-10-31T13:18:31.013Z
1874052978814395835 -8824170332984703265 2289155095778825534 7 308 0 2020-10-31T13:18:31.013Z
9177235190179630559 -8824170332984703265 500585512766024302 7 301 0 2020-10-31T13:18:31.013Z
7774485016708772642 344958562774332166 2289155095778825534 7 297 0 2020-10-31T13:18:31.013Z
7036554668016321128 -6091531084354702690 -3073854885893789344 16 276 0 2020-10-31T13:18:31.013Z
8850372905007382503 6601735830139300093 -6091531084354702690 3 269 0 2020-10-31T13:18:31.013Z
-1963208442220783415 -6091531084354702690 8745602777280583313 7 273 0 2020-10-31T13:18:31.013Z
4693387033219530974 8441307427729061985 6601735830139300093 3 263 0 2020-10-31T13:18:31.013Z
-2558347918542812861 8441307427729061985 -2265062055295526398 7 261 0 2020-10-31T13:18:31.013Z
951274194166681197 1715354029683506947 8441307427729061985 14 260 0 2020-10-31T13:18:31.013Z
6010157095730696431 8441307427729061985 8445297539000538450 7 259 0 2020-10-31T13:18:31.013Z
1909921530164831728 8441307427729061985 2412813839012492538 7 257 0 2020-10-31T13:18:31.013Z
-1419485491848282755 -1163981158876802591 -8316433574550656623 3 324 0 2020-10-31T13:18:31.013Z
-7689551332962725581 -1710858624931520684 8441307427729061985 14 256 0 2020-10-31T13:18:31.013Z
5190403174835980563 8441307427729061985 -1710858624931520684 7 255 0 2020-10-31T13:18:31.013Z
-5461090011141659040 -12190622235229673 8441307427729061985 14 252 0 2020-10-31T13:18:31.013Z
-5998117045508505862 8025458698607202886 8441307427729061985 14 250 0 2020-10-31T13:18:31.013Z
-2167491969954099938 -8327922105616290522 -3073854885893789344 16 284 0 2020-10-31T13:18:31.013Z
-3263200196023424465 8441307427729061985 8025458698607202886 7 249 0 2020-10-31T13:18:31.013Z
4966227944026429469 344958562774332166 -7752658868772795716 7 292 0 2020-10-31T13:18:31.013Z
-3270281065687221965 6601735830139300093 305464025771553414 7 264 0 2020-10-31T13:18:31.013Z
-8014147109672342245 -343013768628310706 8441307427729061985 14 248 0 2020-10-31T13:18:31.013Z
5818922529854276311 3633721801030560013 8441307427729061985 14 244 0 2020-10-31T13:18:31.013Z
4720877418806595039 -2451447112103075673 8441307427729061985 14 254 0 2020-10-31T13:18:31.013Z
2531540856475344666 8441307427729061985 8983100698135138497 7 245 0 2020-10-31T13:18:31.013Z
7435999282280136584 8441307427729061985 -1207142475576027677 7 241 0 2020-10-31T13:18:31.013Z
1567241298749186542 344958562774332166 500585512766024302 7 290 0 2020-10-31T13:18:31.013Z
-1607820414113419295 -7316251031437634713 8441307427729061985 14 240 0 2020-10-31T13:18:31.013Z
-5892069984519374980 8441307427729061985 1627562028615978642 7 239 0 2020-10-31T13:18:31.013Z
8716639368548228075 -8327922105616290522 -3073854885893789344 16 280 0 2020-10-31T13:18:31.013Z
9082729572926623456 8441307427729061985 7850627190087853752 7 201 0 2020-10-31T13:18:31.013Z
4105682039089681382 8441307427729061985 -1568582504587286513 7 251 0 2020-10-31T13:18:31.013Z
7514784528018379255 8441307427729061985 -2851139163309711962 7 243 0 2020-10-31T13:18:31.013Z
-555849580435337969 8441307427729061985 8422515312471624572 7 195 0 2020-10-31T13:18:31.013Z
-4121570328756020393 8441307427729061985 389105116107249657 7 189 0 2020-10-31T13:18:31.013Z
-7495077771864728038 -2987934110420262263 8441307427729061985 14 200 0 2020-10-31T13:18:31.013Z
-1625264700694315013 8441307427729061985 7840157987653184527 7 175 0 2020-10-31T13:18:31.013Z
-1828129097983358045 -6091531084354702690 -8327922105616290522 3 278 0 2020-10-31T13:18:31.013Z
2674907322787559430 2017074270336031165 8441307427729061985 14 214 0 2020-10-31T13:18:31.013Z
-5193776873277853230 -8824170332984703265 -7752658868772795716 7 303 0 2020-10-31T13:18:31.013Z
-4651775805077785666 389105116107249657 8441307427729061985 14 258 0 2020-10-31T13:18:31.013Z
8300737963297007235 8441307427729061985 -1885304517789034909 7 187 0 2020-10-31T13:18:31.013Z
344150292416914226 962904689403953009 8441307427729061985 14 186 0 2020-10-31T13:18:31.013Z
8127901079194429304 -6417693809056262196 6999723996620995432 7 313 0 2020-10-31T13:18:31.013Z
-4866888607528836096 6601735830139300093 5318231889744565707 7 266 0 2020-10-31T13:18:31.013Z
1105194818390757113 8441307427729061985 7784523353252890204 7 165 0 2020-10-31T13:18:31.013Z
-2088272644877661668 8441307427729061985 -8952631853525847640 7 185 0 2020-10-31T13:18:31.013Z
-7881556923447058322 8441307427729061985 -2721736726780994866 7 181 0 2020-10-31T13:18:31.013Z
-7136207025815639000 8441307427729061985 2348231538331344788 7 183 0 2020-10-31T13:18:31.013Z
-3399058171056557513 8441307427729061985 -2987934110420262263 7 199 0 2020-10-31T13:18:31.013Z
5384602028215950982 8441307427729061985 6116001038640580173 7 173 0 2020-10-31T13:18:31.013Z
3660862091838336464 7840157987653184527 8441307427729061985 14 176 0 2020-10-31T13:18:31.013Z
4477823285340481557 -1516871816156205030 8441307427729061985 14 210 0 2020-10-31T13:18:31.013Z
1061466494227992743 8441307427729061985 -8399730311999288147 7 171 0 2020-10-31T13:18:31.013Z
-5947525769116768036 8441307427729061985 1977543027676430055 7 253 0 2020-10-31T13:18:31.013Z
-5128025890573941963 8441307427729061985 5575938305557955703 7 169 0 2020-10-31T13:18:31.013Z
2154782871046251655 8441307427729061985 -6737208803708006350 7 191 0 2020-10-31T13:18:31.013Z
4310715555253940348 -1895372388335133811 2289155095778825534 7 333 0 2020-10-31T13:18:31.013Z
-5780375020852861691 8441307427729061985 962904689403953009 7 167 0 2020-10-31T13:18:31.013Z
-1305015063097922188 8441307427729061985 -7748264577391814481 7 197 0 2020-10-31T13:18:31.013Z
-3126589622877434934 8441307427729061985 -2279362858148622268 7 217 0 2020-10-31T13:18:31.013Z
7139851452356286706 8441307427729061985 -12190622235229673 7 223 0 2020-10-31T13:18:31.013Z
4369187030321679045 8441307427729061985 -503967864092985843 7 229 0 2020-10-31T13:18:31.013Z
-9070953070744276377 8441307427729061985 -1516871816156205030 7 177 0 2020-10-31T13:18:31.013Z
8846130585954023867 8441307427729061985 -2582797147067047340 7 231 0 2020-10-31T13:18:31.013Z
-8455475450118296032 8441307427729061985 -7316251031437634713 7 163 0 2020-10-31T13:18:31.013Z
2062833360602310708 6116001038640580173 8441307427729061985 14 178 0 2020-10-31T13:18:31.013Z
-525018937216082271 8441307427729061985 -1381217289889005797 7 219 0 2020-10-31T13:18:31.013Z
-9075042678279437192 8441307427729061985 -7121928663535365903 7 205 0 2020-10-31T13:18:31.013Z
-7799306923487343843 5319545509128303466 8441307427729061985 14 228 0 2020-10-31T13:18:31.013Z
3380188604951563651 8279917199715665074 305464025771553414 7 286 0 2020-10-31T13:18:31.013Z
4664121681217720421 -6091531084354702690 -3073854885893789344 16 271 0 2020-10-31T13:18:31.013Z
-3745348311369269073 8441307427729061985 -8118192175637937137 7 207 0 2020-10-31T13:18:31.013Z
1383912716501546259 8441307427729061985 -6392414899912245599 7 193 0 2020-10-31T13:18:31.013Z
-4234023673176268108 8441307427729061985 -2451447112103075673 7 203 0 2020-10-31T13:18:31.013Z
8394637972625553532 8441307427729061985 3633721801030560013 7 225 0 2020-10-31T13:18:31.013Z
6428336974962372012 -8952631853525847640 8441307427729061985 14 234 0 2020-10-31T13:18:31.013Z
6931583333929176153 8441307427729061985 -343013768628310706 7 247 0 2020-10-31T13:18:31.013Z
4741514317437104868 8441307427729061985 4568263037453146050 7 209 0 2020-10-31T13:18:31.013Z
8981151164492677393 8441307427729061985 1348044828124757470 7 211 0 2020-10-31T13:18:31.013Z
-2579931414036404547 8441307427729061985 -539869384951269182 7 179 0 2020-10-31T13:18:31.013Z
7930239824514970156 8441307427729061985 -8086411215758782445 7 215 0 2020-10-31T13:18:31.013Z
-6794136150191583969 -1207142475576027677 8441307427729061985 14 242 0 2020-10-31T13:18:31.013Z
2435898902510396340 4568263037453146050 8441307427729061985 14 220 0 2020-10-31T13:18:31.013Z
1837212335914883222 8441307427729061985 2017074270336031165 7 213 0 2020-10-31T13:18:31.013Z
6880818303413001857 8441307427729061985 -6818596555873771408 7 221 0 2020-10-31T13:18:31.013Z
7270275941326516653 8441307427729061985 5946605787519962497 7 237 0 2020-10-31T13:18:31.013Z
-8730949290836750952 8441307427729061985 5319545509128303466 7 227 0 2020-10-31T13:18:31.013Z
-2283127150440265570 -1163981158876802591 305464025771553414 7 320 0 2020-10-31T13:18:31.013Z
7111009443019493539 8441307427729061985 1715354029683506947 7 233 0 2020-10-31T13:18:31.013Z
-3076858965686021567 8441307427729061985 1668050365745761095 7 235 0 2020-10-31T13:18:31.013Z
