79
-8316433574550656623 0
-8327922105616290522 1
6601735830139300093 2
1487314883141566174 3
3949212449088782196 4
7146601781909273930 5
-6417693809056262196 6
2068618868676031251 7
-6091531084354702690 8
-5219257908436558009 9
344958562774332166 10
8441307427729061985 11
8279917199715665074 12
8988384386520244962 13
-8824170332984703265 14
-1163981158876802591 15
-8126461101687513147 16
5934801612261804871 17
-1895372388335133811 18
-581137075428418753 19
6999723996620995432 20
-7752658868772795716 21
5318231889744565707 22
305464025771553414 23
8445297539000538450 24
2412813839012492538 25
8745602777280583313 26
-2451447112103075673 27
-2721736726780994866 28
-6392414899912245599 29
7840157987653184527 30
-1516871816156205030 31
-6737208803708006350 32
-8952631853525847640 33
500585512766024302 34
-2265062055295526398 35
-1885304517789034909 36
-8118192175637937137 37
962904689403953009 38
5319545509128303466 39
-539869384951269182 40
-2987934110420262263 41
-7316251031437634713 42
-7685293334648136514 43
-1381217289889005797 44
6116001038640580173 45
-503967864092985843 46
389105116107249657 47
-7121928663535365903 48
5575938305557955703 49
4568263037453146050 50
-8086411215758782445 51
-2279362858148622268 52
-8399730311999288147 53
-6818596555873771408 54
7850627190087853752 55
-1207142475576027677 56
8422515312471624572 57
-12190622235229673 58
3633721801030560013 59
2289155095778825534 60
-7748264577391814481 61
2017074270336031165 62
-1710858624931520684 63
1348044828124757470 64
-2582797147067047340 65
1715354029683506947 66
8025458698607202886 67
1977543027676430055 68
1668050365745761095 69
-1568582504587286513 70
5946605787519962497 71
2348231538331344788 72
1627562028615978642 73
-2851139163309711962 74
7784523353252890204 75
8983100698135138497 76
-343013768628310706 77
-3073854885893789344 78