79
-8316433574550656623 1
-8327922105616290522 1
6601735830139300093 1
1487314883141566174 1
3949212449088782196 1
7146601781909273930 1
-6417693809056262196 1
2068618868676031251 1
-6091531084354702690 1
-5219257908436558009 1
344958562774332166 1
8441307427729061985 1
8279917199715665074 1
8988384386520244962 1
-8824170332984703265 1
-1163981158876802591 1
-8126461101687513147 1
5934801612261804871 1
-1895372388335133811 1
-581137075428418753 2
6999723996620995432 2
-7752658868772795716 2
5318231889744565707 2
305464025771553414 2
8445297539000538450 2
2412813839012492538 2
8745602777280583313 2
-2451447112103075673 2
-2721736726780994866 2
-6392414899912245599 2
7840157987653184527 2
-1516871816156205030 2
-6737208803708006350 2
-8952631853525847640 2
500585512766024302 2
-2265062055295526398 2
-1885304517789034909 2
-8118192175637937137 2
962904689403953009 2
5319545509128303466 2
-539869384951269182 2
-2987934110420262263 2
-7316251031437634713 2
-7685293334648136514 2
-1381217289889005797 2
6116001038640580173 2
-503967864092985843 2
389105116107249657 2
-7121928663535365903 2
5575938305557955703 2
4568263037453146050 2
-8086411215758782445 2
-2279362858148622268 2
-8399730311999288147 2
-6818596555873771408 2
7850627190087853752 2
-1207142475576027677 2
8422515312471624572 2
-12190622235229673 2
3633721801030560013 2
2289155095778825534 2
-7748264577391814481 2
2017074270336031165 2
-1710858624931520684 2
1348044828124757470 2
-2582797147067047340 2
1715354029683506947 2
8025458698607202886 2
1977543027676430055 2
1668050365745761095 2
-1568582504587286513 2
5946605787519962497 2
2348231538331344788 2
1627562028615978642 2
-2851139163309711962 2
7784523353252890204 2
8983100698135138497 2
-343013768628310706 2
-3073854885893789344 3
