93
18 19 7
5 43 7
5 34 7
14 60 7
14 34 7
10 60 7
8 78 16
2 8 3
8 26 7
11 2 3
11 35 7
66 11 14
11 24 7
11 25 7
15 0 3
63 11 14
11 63 7
58 11 14
67 11 14
1 78 16
11 67 7
10 21 7
2 23 7
77 11 14
59 11 14
27 11 14
11 76 7
11 56 7
10 34 7
42 11 14
11 73 7
1 78 16
11 55 7
11 70 7
11 74 7
11 57 7
11 47 7
41 11 14
11 30 7
8 1 3
62 11 14
14 21 7
47 11 14
11 36 7
38 11 14
6 20 7
2 22 7
11 75 7
11 33 7
11 28 7
11 72 7
11 41 7
11 45 7
30 11 14
31 11 14
11 53 7
11 68 7
11 49 7
11 32 7
18 60 7
11 38 7
11 61 7
11 52 7
11 58 7
11 46 7
11 31 7
11 65 7
11 42 7
45 11 14
11 44 7
11 48 7
39 11 14
12 23 7
8 78 16
11 37 7
11 29 7
11 27 7
11 59 7
33 11 14
11 77 7
11 50 7
11 64 7
11 40 7
11 51 7
56 11 14
50 11 14
11 62 7
11 54 7
11 71 7
11 39 7
15 23 7
11 66 7
11 69 7