162
-2973111771813605464 7993920287384384868 489111811641808336 7 381 0 2020-10-31T13:18:31.013Z
1111868197208494209 7993920287384384868 6794511879631153064 7 367 0 2020-10-31T13:18:31.013Z
-3414919634403057771 7993920287384384868 -5342348570234697358 7 379 0 2020-10-31T13:18:31.013Z
-5949533727017517654 7993920287384384868 -4076192316611933582 7 365 0 2020-10-31T13:18:31.013Z
2286834645387579975 7993920287384384868 47237810126425776 7 362 0 2020-10-31T13:18:31.013Z
1074859566656529771 7993920287384384868 8672497442919069513 7 360 0 2020-10-31T13:18:31.013Z
5165166492323359860 7993920287384384868 8879561839860320972 16 358 0 2020-10-31T13:18:31.013Z
-3259603944549611916 7993920287384384868 -4852504751172555735 7 355 0 2020-10-31T13:18:31.013Z
2935450201142350323 7993920287384384868 -4738169215301433094 16 352 0 2020-10-31T13:18:31.013Z
1344443528276833907 7993920287384384868 5575326035050786221 16 346 0 2020-10-31T13:18:31.013Z
6555096859513676886 7422054664126138325 7993920287384384868 14 354 0 2020-10-31T13:18:31.013Z
-7905654145520850601 7993920287384384868 -4738169215301433094 16 343 0 2020-10-31T13:18:31.013Z
9072970704028656794 7993920287384384868 -712738692925636089 16 337 0 2020-10-31T13:18:31.013Z
6094938388663365302 7993920287384384868 5575326035050786221 16 334 0 2020-10-31T13:18:31.013Z
5207168254599221402 7993920287384384868 3698028773807633784 7 331 0 2020-10-31T13:18:31.013Z
4315002408930986254 7993920287384384868 -1574809442255367842 16 329 0 2020-10-31T13:18:31.013Z
-6423215960195508428 -6236749620428395691 7993920287384384868 14 386 0 2020-10-31T13:18:31.013Z
-6013537227643170980 7993920287384384868 454478236759602128 7 316 0 2020-10-31T13:18:31.013Z
8718743645791500538 7993920287384384868 -3618673467087336476 7 314 0 2020-10-31T13:18:31.013Z
-2022728650260694625 7993920287384384868 -7693453873557714722 16 312 0 2020-10-31T13:18:31.013Z
-134098381354419960 7993920287384384868 -4826275269594773377 7 309 0 2020-10-31T13:18:31.013Z
6262170688750918600 7993920287384384868 -654361651002057823 16 324 0 2020-10-31T13:18:31.013Z
-2871621826049415641 2403568547242862656 6197513436257750269 7 294 0 2020-10-31T13:18:31.013Z
-3985701899313557427 -5351488959624375283 2403568547242862656 14 293 0 2020-10-31T13:18:31.013Z
-8238213487440506586 2403568547242862656 4473707667523814788 7 290 0 2020-10-31T13:18:31.013Z
-7532299730748971929 2404097345027076070 7993920287384384868 14 321 0 2020-10-31T13:18:31.013Z
-141097238638888545 2403568547242862656 -6024031315157243476 7 288 0 2020-10-31T13:18:31.013Z
5292920051182960399 7993920287384384868 -1588928048638714666 7 371 0 2020-10-31T13:18:31.013Z
4612189549834897420 -3368391414335432693 2403568547242862656 14 287 0 2020-10-31T13:18:31.013Z
5941819594627957718 2403568547242862656 3862227405757714709 7 286 0 2020-10-31T13:18:31.013Z
5591202310194393930 2403568547242862656 980025557989760103 7 282 0 2020-10-31T13:18:31.013Z
-4444614281768252919 2403568547242862656 6613634759633322494 7 280 0 2020-10-31T13:18:31.013Z
6219731804772906153 2403568547242862656 -6211243601141303906 7 272 0 2020-10-31T13:18:31.013Z
7665717010322781583 2403568547242862656 -6189062650317148338 7 270 0 2020-10-31T13:18:31.013Z
1464559432682226216 7993920287384384868 -8896829175984521255 7 369 0 2020-10-31T13:18:31.013Z
-4831931903244262417 2403568547242862656 7829532258151718976 7 268 0 2020-10-31T13:18:31.013Z
-882445593116326364 2403568547242862656 -2444910292132831033 7 248 0 2020-10-31T13:18:31.013Z
-672555327139847358 4691985557983598619 2403568547242862656 14 277 0 2020-10-31T13:18:31.013Z
2005145343851255818 2403568547242862656 7626162773454251138 7 202 0 2020-10-31T13:18:31.013Z
-8529780628487685899 2403568547242862656 3970928914842338733 7 176 0 2020-10-31T13:18:31.013Z
-7400868900537156196 2403568547242862656 -1586114440433006080 7 232 0 2020-10-31T13:18:31.013Z
-6882119186258651334 7993920287384384868 5899516494984699438 7 326 0 2020-10-31T13:18:31.013Z
734547800118668305 2403568547242862656 5334575190759949790 7 114 0 2020-10-31T13:18:31.013Z
-47754428665297615 2403568547242862656 -8537801788381044588 7 172 0 2020-10-31T13:18:31.013Z
-97798010917216899 7993920287384384868 1413835382339627648 7 373 0 2020-10-31T13:18:31.013Z
1464239369874937394 2403568547242862656 2094182649280268209 7 124 0 2020-10-31T13:18:31.013Z
-2295168998991320370 2403568547242862656 -7829420694930975369 7 170 0 2020-10-31T13:18:31.013Z
84491807781329830 2403568547242862656 7422054664126138325 7 162 0 2020-10-31T13:18:31.013Z
3949082013178939081 -4557250093687152947 2403568547242862656 14 123 0 2020-10-31T13:18:31.013Z
-6168396801570785951 7993920287384384868 -8621398681052778661 7 303 0 2020-10-31T13:18:31.013Z
-8783574761992227232 2403568547242862656 -840468206558416647 7 292 0 2020-10-31T13:18:31.013Z
4167840278182170370 2403568547242862656 -6250172227387822571 7 210 0 2020-10-31T13:18:31.013Z
5403575091373574126 2403568547242862656 -8128694923755548720 7 160 0 2020-10-31T13:18:31.013Z
2879604314432561317 2403568547242862656 5273164291986674270 7 298 0 2020-10-31T13:18:31.013Z
-9217055979799388376 2403568547242862656 -4321368863675514463 7 168 0 2020-10-31T13:18:31.013Z
9151637006222835804 2403568547242862656 -8309903864077270121 7 156 0 2020-10-31T13:18:31.013Z
-2193887482328835209 -4852504751172555735 7993920287384384868 14 387 0 2020-10-31T13:18:31.013Z
-7092812712332542091 2403568547242862656 7993920287384384868 3 302 0 2020-10-31T13:18:31.013Z
7450353089578987562 2403568547242862656 -6063433380422776457 7 166 0 2020-10-31T13:18:31.013Z
-6838938284683557307 2403568547242862656 904744579702558901 7 152 0 2020-10-31T13:18:31.013Z
6345947957229978812 6613634759633322494 2403568547242862656 14 289 0 2020-10-31T13:18:31.013Z
9045931626123414445 2403568547242862656 -574058792051504207 7 276 0 2020-10-31T13:18:31.013Z
-7407120702632511793 2403568547242862656 -6248440899098661684 7 150 0 2020-10-31T13:18:31.013Z
7768730579723261138 2403568547242862656 4691985557983598619 7 126 0 2020-10-31T13:18:31.013Z
-5520249188555887621 -6063433380422776457 2403568547242862656 14 189 0 2020-10-31T13:18:31.013Z
7653995124682959800 2403568547242862656 54150225966925643 7 148 0 2020-10-31T13:18:31.013Z
3857203962958635013 2403568547242862656 -5044083763461832432 7 180 0 2020-10-31T13:18:31.013Z
-3164964974335638491 -6476645120891436956 2403568547242862656 14 147 0 2020-10-31T13:18:31.013Z
7500992718597986257 2403568547242862656 2119808430777318074 7 144 0 2020-10-31T13:18:31.013Z
592229772938450884 2403568547242862656 235397800206857811 7 182 0 2020-10-31T13:18:31.013Z
-3770516824731225493 2403568547242862656 -6476645120891436956 7 142 0 2020-10-31T13:18:31.013Z
-6905276730025502990 2403568547242862656 2318754894169374742 7 214 0 2020-10-31T13:18:31.013Z
306793869984878674 2403568547242862656 -2936452260850732896 7 250 0 2020-10-31T13:18:31.013Z
909693426553598920 2403568547242862656 5569147102080187892 7 112 0 2020-10-31T13:18:31.013Z
-501981019164369825 -1982168724956451449 2403568547242862656 14 245 0 2020-10-31T13:18:31.013Z
-4789334694357370529 2403568547242862656 -5702358026291101760 7 136 0 2020-10-31T13:18:31.013Z
3129808940741429659 7993920287384384868 -6236749620428395691 7 318 0 2020-10-31T13:18:31.013Z
8965050182789489563 2403568547242862656 4524737837374838547 7 244 0 2020-10-31T13:18:31.013Z
-6773791339155511553 8336084328629693116 2403568547242862656 14 159 0 2020-10-31T13:18:31.013Z
8714746768189857286 2403568547242862656 4707315620909343304 7 158 0 2020-10-31T13:18:31.013Z
6460719503152489660 2403568547242862656 -6722984174119174074 7 116 0 2020-10-31T13:18:31.013Z
-384868361687362744 7993920287384384868 -7065095552428948216 7 320 0 2020-10-31T13:18:31.013Z
-1888695548810439824 2403568547242862656 -6463452646076061931 7 138 0 2020-10-31T13:18:31.013Z
-2156903146575115258 2403568547242862656 858416802163779463 7 106 0 2020-10-31T13:18:31.013Z
-3343358664069896883 2403568547242862656 -1955869971881756184 7 104 0 2020-10-31T13:18:31.013Z
-2098461523143011109 1884887424968065058 2403568547242862656 14 193 0 2020-10-31T13:18:31.013Z
2147861630878743795 3502247508244079323 2403568547242862656 14 249 0 2020-10-31T13:18:31.013Z
-305925549097819223 2403568547242862656 4811759488476407983 7 178 0 2020-10-31T13:18:31.013Z
8825399265050156763 2403568547242862656 4477806978927575247 7 254 0 2020-10-31T13:18:31.013Z
975743256469066661 2403568547242862656 -8904130173384254205 7 118 0 2020-10-31T13:18:31.013Z
6883157793717473477 2403568547242862656 -3519307060233529630 7 228 0 2020-10-31T13:18:31.013Z
-7496031007742883009 -6722984174119174074 2403568547242862656 14 117 0 2020-10-31T13:18:31.013Z
3599771041739374887 2403568547242862656 -5351488959624375283 7 216 0 2020-10-31T13:18:31.013Z
-7733985837153727513 2403568547242862656 7471523821232328745 7 108 0 2020-10-31T13:18:31.013Z
4794922422052992761 4861346345413869348 7993920287384384868 14 383 0 2020-10-31T13:18:31.013Z
-6382907162733270754 2403568547242862656 5579826217445929196 7 196 0 2020-10-31T13:18:31.013Z
-5967139099844136220 2403568547242862656 689102468086756431 7 110 0 2020-10-31T13:18:31.013Z
-4668877159606600723 2403568547242862656 -977640587370066893 7 296 0 2020-10-31T13:18:31.013Z
-8011330753333961169 2403568547242862656 -4557250093687152947 7 120 0 2020-10-31T13:18:31.013Z
-1590876467513702714 2403568547242862656 7745266165583256942 7 264 0 2020-10-31T13:18:31.013Z
6663016883268277570 7993920287384384868 -4738169215301433094 16 340 0 2020-10-31T13:18:31.013Z
-1023552530048126244 4450132134749092185 2403568547242862656 14 133 0 2020-10-31T13:18:31.013Z
-5682200310370066923 7993920287384384868 4861346345413869348 7 375 0 2020-10-31T13:18:31.013Z
7062717559952076167 689102468086756431 2403568547242862656 14 297 0 2020-10-31T13:18:31.013Z
1849559091117181147 2403568547242862656 8764563348066666087 7 230 0 2020-10-31T13:18:31.013Z
-3214153893741472653 2403568547242862656 -3609799886383902693 7 122 0 2020-10-31T13:18:31.013Z
1086637806406432130 -4321368863675514463 2403568547242862656 14 283 0 2020-10-31T13:18:31.013Z
-9167488444433966163 2403568547242862656 -1282138088097714214 7 188 0 2020-10-31T13:18:31.013Z
1664797307143433241 -8904130173384254205 7993920287384384868 14 384 0 2020-10-31T13:18:31.013Z
-2534060792737355357 2403568547242862656 1165591466097087147 7 242 0 2020-10-31T13:18:31.013Z
2880162656928446110 2403568547242862656 6407818979187759446 7 260 0 2020-10-31T13:18:31.013Z
7317912211898710813 2403568547242862656 -7852097286033638279 7 174 0 2020-10-31T13:18:31.013Z
-3129066546036394879 2403568547242862656 -2367084756761487476 7 128 0 2020-10-31T13:18:31.013Z
-8076383950432685932 2403568547242862656 4450132134749092185 7 132 0 2020-10-31T13:18:31.013Z
2643522478863113574 2403568547242862656 8336084328629693116 7 130 0 2020-10-31T13:18:31.013Z
-4358211398067609400 2403568547242862656 -4307053642547476270 7 256 0 2020-10-31T13:18:31.013Z
7742104660684253629 2403568547242862656 1526596631215174589 7 154 0 2020-10-31T13:18:31.013Z
-4527931458825413760 2403568547242862656 3502247508244079323 7 102 0 2020-10-31T13:18:31.013Z
2366482549986588024 2403568547242862656 2746809649310451257 7 284 0 2020-10-31T13:18:31.013Z
-2354322170813742543 2403568547242862656 4306936867544283353 7 184 0 2020-10-31T13:18:31.013Z
7231995624231670397 4811759488476407983 2403568547242862656 14 185 0 2020-10-31T13:18:31.013Z
3928904244258386901 7993920287384384868 -7693453873557714722 16 307 0 2020-10-31T13:18:31.013Z
2202227891298695569 2403568547242862656 -4419202093950616505 7 134 0 2020-10-31T13:18:31.013Z
8396344830338643877 2403568547242862656 -5135464293371810198 7 164 0 2020-10-31T13:18:31.013Z
-7510372381290304988 2403568547242862656 -3368391414335432693 7 186 0 2020-10-31T13:18:31.013Z
9049830749870607788 1526596631215174589 2403568547242862656 14 213 0 2020-10-31T13:18:31.013Z
-8902952160845892502 2403568547242862656 1884887424968065058 7 190 0 2020-10-31T13:18:31.013Z
6364474422733602935 -8537801788381044588 7993920287384384868 14 385 0 2020-10-31T13:18:31.013Z
-1694037192561169891 2403568547242862656 -419780222912014584 7 208 0 2020-10-31T13:18:31.013Z
3656318122868237922 2403568547242862656 8799131248853344429 7 234 0 2020-10-31T13:18:31.013Z
-261323470251965056 2403568547242862656 -1982168724956451449 7 194 0 2020-10-31T13:18:31.013Z
-1549475249049199600 2403568547242862656 8966204023276284888 7 198 0 2020-10-31T13:18:31.013Z
-3276217857786781355 2403568547242862656 5823373636445420698 7 278 0 2020-10-31T13:18:31.013Z
-7480280518714477389 2403568547242862656 -7507051988378028907 7 274 0 2020-10-31T13:18:31.013Z
8182673095440497716 2403568547242862656 -7626147272068525191 7 200 0 2020-10-31T13:18:31.013Z
6467915757455142579 2403568547242862656 -5926562819243403443 7 204 0 2020-10-31T13:18:31.013Z
-2815681031314394787 -6189062650317148338 2403568547242862656 14 273 0 2020-10-31T13:18:31.013Z
-7718944875703645851 2403568547242862656 -1390037201470673134 7 206 0 2020-10-31T13:18:31.013Z
7864530572714062183 -8128694923755548720 2403568547242862656 14 211 0 2020-10-31T13:18:31.013Z
1544770077367362712 2403568547242862656 -1883804970665214568 7 212 0 2020-10-31T13:18:31.013Z
-3642993631607206815 2403568547242862656 3173205826839407479 7 218 0 2020-10-31T13:18:31.013Z
-6590128797521347459 2403568547242862656 8706717564262335637 7 220 0 2020-10-31T13:18:31.013Z
-8237954074399422452 7993920287384384868 1587582482614114686 7 377 0 2020-10-31T13:18:31.013Z
-2526306446425553201 2403568547242862656 -966159244681413640 7 222 0 2020-10-31T13:18:31.013Z
5825039045637488174 2403568547242862656 -3187920940761261090 7 224 0 2020-10-31T13:18:31.013Z
-8613531575663263075 2403568547242862656 7137072755947932224 7 226 0 2020-10-31T13:18:31.013Z
3535637716288559959 2403568547242862656 -6417604546300035199 7 300 0 2020-10-31T13:18:31.013Z
4318782015475530821 2403568547242862656 2404097345027076070 7 266 0 2020-10-31T13:18:31.013Z
6083293765113320969 2403568547242862656 -5941216187292916705 7 140 0 2020-10-31T13:18:31.013Z
6072627158488505823 2403568547242862656 3605141514485197090 7 238 0 2020-10-31T13:18:31.013Z
3552734128540180656 7993920287384384868 -4738169215301433094 16 349 0 2020-10-31T13:18:31.013Z
2908082543022893116 2403568547242862656 1649284475456881747 7 192 0 2020-10-31T13:18:31.013Z
-4320876744014113401 2094182649280268209 2403568547242862656 14 233 0 2020-10-31T13:18:31.013Z
8152142648236790868 2403568547242862656 4929946042712217301 7 236 0 2020-10-31T13:18:31.013Z
1387282866566176367 2403568547242862656 4045422170507469845 7 240 0 2020-10-31T13:18:31.013Z
8217423336625234686 2403568547242862656 6182870871486941679 7 246 0 2020-10-31T13:18:31.013Z
-8026792069527360507 2403568547242862656 6998081713827488082 7 252 0 2020-10-31T13:18:31.013Z
3577000499746619301 2403568547242862656 -4283142760151437131 7 262 0 2020-10-31T13:18:31.013Z
-7929546988625047594 5569147102080187892 2403568547242862656 14 119 0 2020-10-31T13:18:31.013Z
-52459779190244361 2403568547242862656 -8017362975714141836 7 146 0 2020-10-31T13:18:31.013Z
-4183024667343433233 -8309903864077270121 2403568547242862656 14 253 0 2020-10-31T13:18:31.013Z
-6884953097080932564 2403568547242862656 6294035510833265512 7 258 0 2020-10-31T13:18:31.013Z
