31
8 101 14 11 46 108 15 134 48 131 133 131 136 133 16 132 19 21 135 22 137 82 33 17 13 23 18 20 131 12 135 32 131
37 8
18 8
2 130 129 42 127 91 126 121 44 30 115 57 109 73 45 62 128 34 37 87 78 55 25 71 49 8 51 119 123 39 60 40 114 35 85 70 92 96 52 36 113 29 65 76 61 47 53 117 104 100 93 66 79 59 103 63 43 105 125 68 102 83 31 74 75 64 94 38 69 41 28 54 56 90 118 89 124 80 81 112 122 84 86 88 27 26 97 98 58 99 24 95 72 107 67 106 110 50 116 111 77 120
93 2
95 8
90 2
60 2
63 2
48 8
126 2
51 2
70 2
80 2
64 2
118 2
69 2
65 2
12 8
75 2
59 2
71 2
104 8
53 2
38 2
62 8
44 2
55 2
128 2
52 2
49 2