162
8 101 7
8 14 7
8 11 7
8 46 7
8 108 7
8 15 7
8 134 16
8 48 7
8 131 16
8 133 16
37 8 14
8 131 16
8 136 16
8 133 16
8 16 7
8 132 16
18 8 14
8 19 7
8 21 7
8 135 16
8 22 7
8 137 16
2 130 7
93 2 14
2 129 7
95 8 14
2 42 7
8 82 7
90 2 14
2 127 7
2 91 7
2 126 7
2 121 7
2 44 7
8 33 7
2 30 7
2 115 7
60 2 14
2 57 7
2 109 7
2 73 7
8 17 7
2 45 7
2 62 7
8 13 7
2 128 7
2 34 7
2 37 7
63 2 14
8 23 7
2 87 7
2 78 7
2 55 7
2 25 7
2 71 7
2 49 7
48 8 14
2 8 3
2 51 7
2 119 7
126 2 14
2 123 7
2 39 7
2 60 7
51 2 14
2 40 7
2 114 7
70 2 14
2 35 7
2 85 7
2 70 7
2 92 7
2 96 7
2 52 7
80 2 14
2 36 7
8 18 7
2 113 7
64 2 14
2 29 7
2 65 7
8 20 7
2 76 7
2 61 7
2 47 7
118 2 14
69 2 14
2 53 7
2 117 7
2 104 7
2 100 7
65 2 14
2 93 7
2 66 7
12 8 14
2 79 7
2 59 7
2 103 7
2 63 7
2 43 7
8 131 16
75 2 14
8 12 7
59 2 14
2 105 7
2 125 7
71 2 14
2 68 7
104 8 14
2 102 7
2 83 7
2 31 7
2 74 7
2 75 7
2 64 7
2 94 7
2 38 7
2 69 7
2 41 7
2 28 7
53 2 14
8 135 16
2 54 7
2 56 7
2 90 7
38 2 14
2 118 7
62 8 14
2 89 7
2 124 7
2 80 7
2 81 7
2 112 7
2 122 7
2 84 7
2 86 7
44 2 14
2 88 7
55 2 14
2 27 7
2 26 7
2 97 7
8 32 7
2 98 7
2 58 7
2 99 7
2 24 7
2 95 7
2 72 7
2 107 7
8 131 16
2 67 7
128 2 14
2 106 7
2 110 7
2 50 7
2 116 7
2 111 7
52 2 14
2 77 7
49 2 14
2 120 7