130
-6614521513657522255 3097397546661190935 1413835382339627648 7 329 0 2020-10-31T13:18:31.013Z
-8327735112230428157 3097397546661190935 -4852504751172555735 7 319 0 2020-10-31T13:18:31.013Z
6475424383847321802 3097397546661190935 8879561839860320972 16 317 0 2020-10-31T13:18:31.013Z
5305138782799936388 3097397546661190935 1521169652875486504 7 314 0 2020-10-31T13:18:31.013Z
-6330457075019336031 5635496527712843355 2403568547242862656 14 313 0 2020-10-31T13:18:31.013Z
-6901619090638337985 2403568547242862656 3970928914842338733 7 312 0 2020-10-31T13:18:31.013Z
-2328568642000220705 -3609799886383902693 3097397546661190935 14 311 0 2020-10-31T13:18:31.013Z
975518924087903718 3097397546661190935 1587582482614114686 7 310 0 2020-10-31T13:18:31.013Z
4946399520617436691 3502247508244079323 3097397546661190935 14 306 0 2020-10-31T13:18:31.013Z
8321815072650518148 3097397546661190935 -5433065023171540429 7 305 0 2020-10-31T13:18:31.013Z
3508871303554241134 3097397546661190935 8672497442919069513 7 300 0 2020-10-31T13:18:31.013Z
-3135999893280462110 3097397546661190935 47237810126425776 7 327 0 2020-10-31T13:18:31.013Z
-557873080331957753 3097397546661190935 4399536314641524787 16 298 0 2020-10-31T13:18:31.013Z
6783940917906086594 3097397546661190935 454478236759602128 7 295 0 2020-10-31T13:18:31.013Z
8300168645029667423 2403568547242862656 3097397546661190935 3 294 0 2020-10-31T13:18:31.013Z
-8460721054393247454 2403568547242862656 209399219974535491 7 290 0 2020-10-31T13:18:31.013Z
-2109387238264076315 2403568547242862656 -8537801788381044588 7 288 0 2020-10-31T13:18:31.013Z
987414257982703762 -6722984174119174074 2403568547242862656 14 285 0 2020-10-31T13:18:31.013Z
8470101025277446814 2403568547242862656 -6063433380422776457 7 282 0 2020-10-31T13:18:31.013Z
-3224434653214395668 4235998168740502648 2403568547242862656 14 279 0 2020-10-31T13:18:31.013Z
-5011106156763752016 2403568547242862656 7422054664126138325 7 278 0 2020-10-31T13:18:31.013Z
4988352261865749143 2403568547242862656 -8128694923755548720 7 276 0 2020-10-31T13:18:31.013Z
-340006703506758254 671267710252338689 -2424330924122696943 7 184 0 2020-10-31T13:18:31.013Z
1391621889465130760 2403568547242862656 -6463452646076061931 7 244 0 2020-10-31T13:18:31.013Z
9179115040532913505 2403568547242862656 -6937831233113184293 7 248 0 2020-10-31T13:18:31.013Z
-4551991970463319991 671267710252338689 1797207725431666440 7 180 0 2020-10-31T13:18:31.013Z
-1610290177834494081 2403568547242862656 -7852097286033638279 7 292 0 2020-10-31T13:18:31.013Z
3977586071446277291 671267710252338689 8702361939818262634 7 104 0 2020-10-31T13:18:31.013Z
-1361854300067528484 671267710252338689 -7100256911633738913 7 172 0 2020-10-31T13:18:31.013Z
5423921968907614583 671267710252338689 2939533551049550842 7 168 0 2020-10-31T13:18:31.013Z
2457715161928131961 671267710252338689 -5347630804365141791 7 118 0 2020-10-31T13:18:31.013Z
7437201625488557130 2403568547242862656 -5044083763461832432 7 332 0 2020-10-31T13:18:31.013Z
6476543522394058529 2403568547242862656 4528069384278443369 7 236 0 2020-10-31T13:18:31.013Z
6689347129338913159 671267710252338689 423399084756321783 7 164 0 2020-10-31T13:18:31.013Z
-6566534285684809207 671267710252338689 -6181732547817060239 7 160 0 2020-10-31T13:18:31.013Z
6795127535802753721 671267710252338689 8673337703922213170 7 158 0 2020-10-31T13:18:31.013Z
6346671911255155834 671267710252338689 6768496858987901681 7 152 0 2020-10-31T13:18:31.013Z
86081370068781148 2403568547242862656 4691985557983598619 7 218 0 2020-10-31T13:18:31.013Z
-3405055254612385839 671267710252338689 -3054882673652493037 7 188 0 2020-10-31T13:18:31.013Z
-8696995099822303656 2403568547242862656 5334575190759949790 7 204 0 2020-10-31T13:18:31.013Z
4642029819834317565 2403568547242862656 3268549485702156145 7 208 0 2020-10-31T13:18:31.013Z
-4672617883210022921 671267710252338689 -40987900997416112 7 106 0 2020-10-31T13:18:31.013Z
-1410432496822726816 671267710252338689 1317358809583752700 7 178 0 2020-10-31T13:18:31.013Z
-5634290855632923927 3097397546661190935 6794511879631153064 7 324 0 2020-10-31T13:18:31.013Z
6503337228480100892 671267710252338689 6906805735871151904 7 116 0 2020-10-31T13:18:31.013Z
5832243634788029833 671267710252338689 6863090233243598049 7 122 0 2020-10-31T13:18:31.013Z
1341986698108973595 671267710252338689 1076785546517126060 7 154 0 2020-10-31T13:18:31.013Z
-7286844623052533567 2403568547242862656 -3609799886383902693 7 220 0 2020-10-31T13:18:31.013Z
-6815076243307716065 671267710252338689 -2892943187078188828 7 136 0 2020-10-31T13:18:31.013Z
-8792758150195629914 671267710252338689 -2865802637622068918 7 120 0 2020-10-31T13:18:31.013Z
105794424937188260 3097397546661190935 -1411195235314152347 16 303 0 2020-10-31T13:18:31.013Z
2497395581194818702 671267710252338689 38514827628119520 7 108 0 2020-10-31T13:18:31.013Z
8643749410748111671 2403568547242862656 -5702358026291101760 7 242 0 2020-10-31T13:18:31.013Z
4653043946539461587 671267710252338689 3490181154436264393 7 134 0 2020-10-31T13:18:31.013Z
-6224205443382824142 671267710252338689 8412969579908049151 7 166 0 2020-10-31T13:18:31.013Z
-4442842530465768415 671267710252338689 -6189247508234069039 7 110 0 2020-10-31T13:18:31.013Z
-5363996856538735703 2403568547242862656 858416802163779463 7 194 0 2020-10-31T13:18:31.013Z
-5881960106604628298 671267710252338689 -5207553280841607449 7 156 0 2020-10-31T13:18:31.013Z
5499874306097375198 4528069384278443369 2403568547242862656 14 253 0 2020-10-31T13:18:31.013Z
8955672707022118957 2403568547242862656 -1955869971881756184 7 132 0 2020-10-31T13:18:31.013Z
2923333468420525897 671267710252338689 3704645306837423393 7 124 0 2020-10-31T13:18:31.013Z
5532605726030865507 2403568547242862656 -7829420694930975369 7 286 0 2020-10-31T13:18:31.013Z
6636128395816251513 2403568547242862656 -4321368863675514463 7 284 0 2020-10-31T13:18:31.013Z
6184612953735448237 2403568547242862656 7471523821232328745 7 198 0 2020-10-31T13:18:31.013Z
-2693584863695956981 671267710252338689 5391199242589863101 7 170 0 2020-10-31T13:18:31.013Z
2633056539980253450 2403568547242862656 -9115465618474098794 7 264 0 2020-10-31T13:18:31.013Z
-5284453185684831735 2403568547242862656 904744579702558901 7 266 0 2020-10-31T13:18:31.013Z
-2587338736978416135 2403568547242862656 3502247508244079323 7 130 0 2020-10-31T13:18:31.013Z
7825924118809280704 671267710252338689 -5284950212864717804 7 186 0 2020-10-31T13:18:31.013Z
6525606188225810909 2403568547242862656 689102468086756431 7 200 0 2020-10-31T13:18:31.013Z
6265397722536413364 3097397546661190935 489111811641808336 7 321 0 2020-10-31T13:18:31.013Z
8930438198428279053 671267710252338689 33543872930399981 7 102 0 2020-10-31T13:18:31.013Z
8384115004111528606 671267710252338689 -52065943941305456 7 126 0 2020-10-31T13:18:31.013Z
-7486185812802741024 -6189247508234069039 671267710252338689 14 127 0 2020-10-31T13:18:31.013Z
-695754274893241364 671267710252338689 747507376341180752 7 182 0 2020-10-31T13:18:31.013Z
-2830581083505171999 671267710252338689 -4940485295816386405 7 140 0 2020-10-31T13:18:31.013Z
-3671537340609013258 2403568547242862656 54150225966925643 7 258 0 2020-10-31T13:18:31.013Z
-7044622361546452179 2403568547242862656 4235998168740502648 7 196 0 2020-10-31T13:18:31.013Z
-7699836887414839287 7471523821232328745 2403568547242862656 14 269 0 2020-10-31T13:18:31.013Z
52875308178065666 671267710252338689 67043629096880244 7 176 0 2020-10-31T13:18:31.013Z
2159916176291000496 671267710252338689 53358170439181301 7 162 0 2020-10-31T13:18:31.013Z
-2746952534122140034 671267710252338689 1078343031347006703 7 142 0 2020-10-31T13:18:31.013Z
-8956780810865293904 489111811641808336 3097397546661190935 14 334 0 2020-10-31T13:18:31.013Z
3093392416671368961 671267710252338689 -3960392572917493892 7 148 0 2020-10-31T13:18:31.013Z
643651153003767816 671267710252338689 -1516571089354794836 7 112 0 2020-10-31T13:18:31.013Z
6650490322212887059 671267710252338689 235397800206857811 7 190 0 2020-10-31T13:18:31.013Z
-14606856323959311 671267710252338689 6567847603917078025 7 144 0 2020-10-31T13:18:31.013Z
4252954643623160562 671267710252338689 -4958098845133369545 7 146 0 2020-10-31T13:18:31.013Z
849600807976128427 671267710252338689 -5903617958469513111 7 192 0 2020-10-31T13:18:31.013Z
-6351389564745299297 2403568547242862656 5569147102080187892 7 202 0 2020-10-31T13:18:31.013Z
-3307359856891888537 2403568547242862656 8836186568894910676 7 228 0 2020-10-31T13:18:31.013Z
7537730505757108539 2403568547242862656 -5135464293371810198 7 280 0 2020-10-31T13:18:31.013Z
7766542993857330872 2403568547242862656 8132338719042006921 7 206 0 2020-10-31T13:18:31.013Z
6761162733726200379 2403568547242862656 1064876468276199675 7 224 0 2020-10-31T13:18:31.013Z
6638612682633345051 2403568547242862656 -6722984174119174074 7 210 0 2020-10-31T13:18:31.013Z
-823500640361317653 2403568547242862656 -4557250093687152947 7 214 0 2020-10-31T13:18:31.013Z
-5183495144493631476 2403568547242862656 -3679825434321700370 7 216 0 2020-10-31T13:18:31.013Z
5087145469528618027 2403568547242862656 2094182649280268209 7 222 0 2020-10-31T13:18:31.013Z
-1428735322233320033 2939533551049550842 671267710252338689 14 185 0 2020-10-31T13:18:31.013Z
4690274448436094848 671267710252338689 230528211437571398 7 128 0 2020-10-31T13:18:31.013Z
-6979963789870501984 2403568547242862656 -378732520617690506 7 226 0 2020-10-31T13:18:31.013Z
-918114725851607476 2403568547242862656 -2367084756761487476 7 230 0 2020-10-31T13:18:31.013Z
-8599307321142188642 2403568547242862656 -6476645120891436956 7 252 0 2020-10-31T13:18:31.013Z
-5799087467716469024 2403568547242862656 4811759488476407983 7 336 0 2020-10-31T13:18:31.013Z
4016407951323209540 671267710252338689 2919063568932064543 7 150 0 2020-10-31T13:18:31.013Z
-7958804848570521210 671267710252338689 5563922410212355046 7 138 0 2020-10-31T13:18:31.013Z
1105588829682087952 2403568547242862656 5635496527712843355 7 234 0 2020-10-31T13:18:31.013Z
-6805441490517656383 2403568547242862656 -8309903864077270121 7 272 0 2020-10-31T13:18:31.013Z
-3269411790216599206 2403568547242862656 4450132134749092185 7 238 0 2020-10-31T13:18:31.013Z
-5454187438754445214 2403568547242862656 -4419202093950616505 7 240 0 2020-10-31T13:18:31.013Z
-9178201182412818790 -2865802637622068918 671267710252338689 14 137 0 2020-10-31T13:18:31.013Z
-314890930712147463 2403568547242862656 -326106205668732827 7 250 0 2020-10-31T13:18:31.013Z
-1320714834053910137 2403568547242862656 -3659996851848551552 7 246 0 2020-10-31T13:18:31.013Z
-8379606057861766529 2403568547242862656 2119808430777318074 7 254 0 2020-10-31T13:18:31.013Z
-3109665140107649768 2403568547242862656 -8017362975714141836 7 256 0 2020-10-31T13:18:31.013Z
177053304100889058 2403568547242862656 9076100620178853818 7 260 0 2020-10-31T13:18:31.013Z
9110083709420426862 2403568547242862656 -8904130173384254205 7 212 0 2020-10-31T13:18:31.013Z
1842031050318498351 9076100620178853818 2403568547242862656 14 261 0 2020-10-31T13:18:31.013Z
3759815138027915170 3097397546661190935 2616755973434666533 16 308 0 2020-10-31T13:18:31.013Z
-3971293771335773760 2403568547242862656 -6248440899098661684 7 262 0 2020-10-31T13:18:31.013Z
-5157779528094750301 904744579702558901 2403568547242862656 14 267 0 2020-10-31T13:18:31.013Z
-2879537611143383342 2403568547242862656 8336084328629693116 7 232 0 2020-10-31T13:18:31.013Z
-7485559199998978528 2403568547242862656 -8546493061319249693 7 268 0 2020-10-31T13:18:31.013Z
-467488801992838205 671267710252338689 5903343239735826289 7 174 0 2020-10-31T13:18:31.013Z
-4089620343630891030 3268549485702156145 2403568547242862656 14 263 0 2020-10-31T13:18:31.013Z
2155718543462249815 -4940485295816386405 671267710252338689 14 187 0 2020-10-31T13:18:31.013Z
-1637979686680357467 689102468086756431 2403568547242862656 14 273 0 2020-10-31T13:18:31.013Z
6952802577104720351 2403568547242862656 1526596631215174589 7 270 0 2020-10-31T13:18:31.013Z
1034973762550017531 671267710252338689 5430746352589453215 7 114 0 2020-10-31T13:18:31.013Z
2027936469606449286 2403568547242862656 4707315620909343304 7 274 0 2020-10-31T13:18:31.013Z
