136
3097397546661190935 0
7338065699624268277 1
-4820636639688578420 2
3749784207781554720 3
5091531099454493674 4
4270303748944146355 5
8174341926550788498 6
-5965604190551205856 7
-8637295183115851606 8
671267710252338689 9
3805375453613253064 10
-1809581961350450110 11
3857377875813986013 12
-6806480296806817791 13
7320400160211605401 14
-3666800182046757337 15
4579291517438833668 16
3092978643625585728 17
2633935999205218305 18
6503850601117023437 19
2403568547242862656 20
-8767852232018156156 21
8000077460228785999 22
4811759488476407983 23
-5044083763461832432 24
1413835382339627648 25
6794511879631153064 26
489111811641808336 27
1521169652875486504 28
47237810126425776 29
3970928914842338733 30
8672497442919069513 31
-5284950212864717804 32
2939533551049550842 33
-2424330924122696943 34
1797207725431666440 35
-9115465618474098794 36
53358170439181301 37
5635496527712843355 38
8673337703922213170 39
-3054882673652493037 40
9076100620178853818 41
3704645306837423393 42
8412969579908049151 43
6768496858987901681 44
-7100256911633738913 45
2919063568932064543 46
5903343239735826289 47
-326106205668732827 48
1076785546517126060 49
-8904130173384254205 50
-4419202093950616505 51
7471523821232328745 52
1078343031347006703 53
6906805735871151904 54
8702361939818262634 55
6863090233243598049 56
-8017362975714141836 57
5563922410212355046 58
454478236759602128 59
-5347630804365141791 60
230528211437571398 61
747507376341180752 62
235397800206857811 63
1317358809583752700 64
858416802163779463 65
4691985557983598619 66
5391199242589863101 67
3490181154436264393 68
423399084756321783 69
-4940485295816386405 70
38514827628119520 71
-40987900997416112 72
6567847603917078025 73
-1516571089354794836 74
-2892943187078188828 75
5430746352589453215 76
-1955869971881756184 77
5334575190759949790 78
-4852504751172555735 79
-8309903864077270121 80
-4958098845133369545 81
1526596631215174589 82
-3960392572917493892 83
4235998168740502648 84
8132338719042006921 85
-3609799886383902693 86
33543872930399981 87
-6722984174119174074 88
-4557250093687152947 89
-6189247508234069039 90
8336084328629693116 91
-3679825434321700370 92
-6181732547817060239 93
54150225966925643 94
-52065943941305456 95
2094182649280268209 96
1064876468276199675 97
67043629096880244 98
-378732520617690506 99
-5433065023171540429 100
-2865802637622068918 101
-3659996851848551552 102
-7852097286033638279 103
8836186568894910676 104
-2367084756761487476 105
4528069384278443369 106
4450132134749092185 107
-6463452646076061931 108
-5702358026291101760 109
2119808430777318074 110
1587582482614114686 111
-7829420694930975369 112
-6937831233113184293 113
689102468086756431 114
209399219974535491 115
-6248440899098661684 116
904744579702558901 117
5569147102080187892 118
-8546493061319249693 119
-5207553280841607449 120
4707315620909343304 121
7422054664126138325 122
-8128694923755548720 123
-5135464293371810198 124
-6063433380422776457 125
-5903617958469513111 126
3502247508244079323 127
3268549485702156145 128
-6476645120891436956 129
-4321368863675514463 130
-8537801788381044588 131
8879561839860320972 132
2616755973434666533 133
4399536314641524787 134
-1411195235314152347 135