130
0 25 7
0 79 7
0 132 16
0 28 7
38 20 14
20 30 7
86 0 14
0 111 7
127 0 14
0 100 7
0 31 7
0 29 7
0 134 16
0 59 7
20 0 3
20 115 7
20 131 7
88 20 14
20 125 7
84 20 14
20 122 7
20 123 7
9 34 7
20 108 7
20 113 7
9 35 7
20 103 7
9 55 7
9 45 7
9 33 7
9 60 7
20 24 7
20 106 7
9 69 7
9 93 7
9 39 7
9 44 7
20 66 7
9 40 7
20 78 7
20 128 7
9 72 7
9 64 7
0 26 7
9 54 7
9 56 7
9 49 7
20 86 7
9 75 7
9 101 7
0 135 16
9 71 7
20 109 7
9 68 7
9 43 7
9 90 7
20 65 7
9 120 7
106 20 14
20 77 7
9 42 7
20 112 7
20 130 7
20 52 7
9 67 7
20 36 7
20 117 7
20 127 7
9 32 7
20 114 7
0 27 7
9 87 7
9 95 7
90 9 14
9 62 7
9 70 7
20 94 7
20 84 7
52 20 14
9 98 7
9 37 7
9 53 7
27 0 14
9 83 7
9 74 7
9 63 7
9 73 7
9 81 7
9 126 7
20 118 7
20 104 7
20 124 7
20 85 7
20 97 7
20 88 7
20 89 7
20 92 7
20 96 7
33 9 14
9 61 7
20 99 7
20 105 7
20 129 7
20 23 7
9 46 7
9 58 7
20 38 7
20 80 7
20 107 7
20 51 7
101 9 14
20 48 7
20 102 7
20 110 7
20 57 7
20 41 7
20 50 7
41 20 14
0 133 16
20 116 7
117 20 14
20 91 7
20 119 7
9 47 7
128 20 14
70 9 14
114 20 14
20 82 7
9 76 7
20 121 7