99
-4382691905463821165 0
218753533554751523 1
2689584728707825576 2
-5311308886992270674 3
-1482685779515056255 4
3268941686371663934 5
996092377027342141 6
8267062318683952063 7
3010205171714125741 8
-3723048507552747752 9
4944728352949920519 10
1444235790677617594 11
5626572171415944225 12
4248992107858020308 13
-1251998688471996907 14
-778893165346030884 15
595256785153032960 16
3240263583961572860 17
-8576312221903299253 18
-1712245582399270207 19
5577516531178043162 20
-826243519082053207 21
2875876178902896938 22
-6390466470479412362 23
6595807136594624933 24
-442055703624529411 25
-7337386657433913783 26
-7998448116820017966 27
2319677352076825694 28
8030075415079606828 29
6713660229818288778 30
2035238680324163513 31
6665599690112929129 32
5452696771650563256 33
4384309129990763096 34
-8076154174379575510 35
6077980243373983842 36
7550700609339122366 37
-4374771076178254471 38
-6280607100221359988 39
-7112082319022299585 40
-7440534323587102475 41
2206061864743711555 42
-956335601360887140 43
-1487976961720367294 44
-2975986158103972530 45
4846420341547296388 46
-3717709318484422177 47
4925212482745864060 48
5730711817006092193 49
-2907875895779431358 50
-7711141586051013107 51
5577538892647823156 52
8815311016034266439 53
-3779245703808428533 54
-7296300120754750686 55
-4399784793295395368 56
3554891087412779651 57
1045691185749475663 58
469330092667491253 59
3165486009743820898 60
4772641855343380032 61
5672457050781853629 62
5336819771939737673 63
-2956521778278367778 64
2694044209419385905 65
-3786362010330676431 66
1639268503569459464 67
4695700213058004365 68
-2454892885140166343 69
7706995888831316656 70
-2510588030216535784 71
5806730739520748195 72
6804442166688657304 73
5168767064094682656 74
-174717277757027484 75
-5624820421663453412 76
3290423760934885141 77
2156523275847675306 78
-2503590376904006411 79
8336341963951988906 80
885869836608404721 81
-6972646845868528670 82
7152010050593362759 83
-6131898110744566805 84
3049245628432931229 85
-5018655402938426813 86
-4945617448497608429 87
1608806621831266974 88
7927476602468721692 89
-2907151526984375262 90
7498092279288240195 91
5374979080791212823 92
-4449743243455640118 93
-4944173875500294713 94
6890386968354594278 95
6868190886987276709 96
-8101234613412327663 97
4205624391875137184 98