64
7 47 7
7 58 7
7 22 3
8 8 3
7 48 7
31 94 7
31 52 7
91 31 14
55 31 14
31 57 7
45 8 3
31 84 7
31 83 7
31 55 7
31 80 7
31 88 7
31 53 7
31 59 7
31 50 7
31 69 7
31 90 7
62 31 14
31 71 7
31 49 7
31 74 7
31 54 7
31 87 7
8 7 3
31 66 7
31 93 7
31 64 7
31 68 7
31 73 7
31 63 7
31 62 7
31 56 7
7 97 7
45 75 7
49 31 14
31 60 7
31 78 7
31 79 7
31 91 7
31 61 7
31 51 7
31 81 7
7 65 7
31 67 7
31 82 7
31 70 7
56 31 14
31 85 7
31 72 7
31 77 7
50 31 14
31 86 7
31 92 7
31 89 7
69 31 14
31 76 7
82 31 14
31 98 7
31 95 7
31 96 7