73
95294751732990818 -8964952486573412780 -6532091669588858580 7 100 0 2020-10-31T13:18:31.013Z
-5476489828769476361 -8964952486573412780 -5879326435444093071 7 98 0 2020-10-31T13:18:31.013Z
3892102629254046315 -8964952486573412780 -6795405314246371489 7 96 0 2020-10-31T13:18:31.013Z
-1207666191137105809 -8964952486573412780 5636435743014379326 7 94 0 2020-10-31T13:18:31.013Z
-8608019427942902882 -8964952486573412780 -8721913657871279129 7 90 0 2020-10-31T13:18:31.013Z
-7205582818153357119 -8964952486573412780 136017854653439388 7 88 0 2020-10-31T13:18:31.013Z
4259359664074545100 -8964952486573412780 5990189600803864700 7 86 0 2020-10-31T13:18:31.013Z
8086767177727285191 11184211258599969 -8964952486573412780 14 85 0 2020-10-31T13:18:31.013Z
-3901587765496175632 1083329371077872854 -8964952486573412780 14 83 0 2020-10-31T13:18:31.013Z
-1051002202596020201 -8964952486573412780 1083329371077872854 7 82 0 2020-10-31T13:18:31.013Z
-3307483015677339314 -8964952486573412780 -4754960797459034347 7 80 0 2020-10-31T13:18:31.013Z
2990965757519484814 -8964952486573412780 4772254197033237429 7 78 0 2020-10-31T13:18:31.013Z
6086699644154037222 2332388513431293500 -8964952486573412780 14 75 0 2020-10-31T13:18:31.013Z
-122916761851957930 -8964952486573412780 2332388513431293500 7 74 0 2020-10-31T13:18:31.013Z
-792753234588446559 -8964952486573412780 4473707667523814788 7 72 0 2020-10-31T13:18:31.013Z
-8747568040144196695 -8964952486573412780 332751507788359046 7 68 0 2020-10-31T13:18:31.013Z
-1292046389081542812 1538456134301979342 -8964952486573412780 14 67 0 2020-10-31T13:18:31.013Z
-7500465219512301562 -8964952486573412780 1538456134301979342 7 66 0 2020-10-31T13:18:31.013Z
2535389606589587127 4266004484165804680 -8964952486573412780 14 33 0 2020-10-31T13:18:31.013Z
4616742531330847639 -8964952486573412780 -3696248783237380134 7 40 0 2020-10-31T13:18:31.013Z
2080085945697791835 -8964952486573412780 7606024353721937002 7 44 0 2020-10-31T13:18:31.013Z
6932311290025267468 -8964952486573412780 6646206384877060529 7 36 0 2020-10-31T13:18:31.013Z
6782880328459321098 -8964952486573412780 -3647097174254902242 7 28 0 2020-10-31T13:18:31.013Z
-7773269175438249167 -8964952486573412780 4516365703603178666 7 26 0 2020-10-31T13:18:31.013Z
-5675415686374282955 -8964952486573412780 5691599715058250436 7 22 0 2020-10-31T13:18:31.013Z
443372832466874869 -7984991776033777218 -9030891882121120909 3 93 0 2020-10-31T13:18:31.013Z
-6362475780762589174 -8964952486573412780 6758544382327255137 7 8 0 2020-10-31T13:18:31.013Z
-5884671669011782703 -8964952486573412780 11184211258599969 7 30 0 2020-10-31T13:18:31.013Z
-2466623984691966879 7373112648226113134 -8964952486573412780 14 49 0 2020-10-31T13:18:31.013Z
-7355436792133583729 8664928025133015564 -8964952486573412780 14 55 0 2020-10-31T13:18:31.013Z
-9030121816396189038 -8964952486573412780 -7984991776033777218 3 92 0 2020-10-31T13:18:31.013Z
4078117302866983184 -8964952486573412780 -1524533836602524138 7 0 0 2020-10-31T13:18:31.013Z
-5272625453313953182 4313661683705342717 -8964952486573412780 14 61 0 2020-10-31T13:18:31.013Z
-4857330508417527909 -8964952486573412780 -5701587238044607229 7 10 0 2020-10-31T13:18:31.013Z
3184753843051882235 -8964952486573412780 8239234334786354644 7 4 0 2020-10-31T13:18:31.013Z
-6855950703910198436 -8964952486573412780 -2250745077292002568 7 2 0 2020-10-31T13:18:31.013Z
-5882184146686504912 -8964952486573412780 -2050639292573124417 7 34 0 2020-10-31T13:18:31.013Z
-6081020839563484401 -6209431288229273986 -8964952486573412780 14 45 0 2020-10-31T13:18:31.013Z
2801024886363676212 -8964952486573412780 1860638157120548603 7 12 0 2020-10-31T13:18:31.013Z
4940056875917478903 -8964952486573412780 -3669860440753529001 7 60 0 2020-10-31T13:18:31.013Z
5113922403986316378 -2050639292573124417 -8964952486573412780 14 35 0 2020-10-31T13:18:31.013Z
-5991666197147658574 -8964952486573412780 2405855140822940657 7 14 0 2020-10-31T13:18:31.013Z
5044838765103761163 -8964952486573412780 1796143362674197296 7 32 0 2020-10-31T13:18:31.013Z
5589457569657592291 -8964952486573412780 7373112648226113134 7 20 0 2020-10-31T13:18:31.013Z
-882069700533540282 -8964952486573412780 4266004484165804680 7 6 0 2020-10-31T13:18:31.013Z
8507480702143631115 1860638157120548603 -8964952486573412780 14 53 0 2020-10-31T13:18:31.013Z
-8038875395481500270 -8964952486573412780 8106356093144520792 7 76 0 2020-10-31T13:18:31.013Z
4571232507878875484 2405855140822940657 -8964952486573412780 14 15 0 2020-10-31T13:18:31.013Z
2048544504023465052 -8964952486573412780 4313661683705342717 7 38 0 2020-10-31T13:18:31.013Z
-7358822649849737986 -8964952486573412780 -3054433683348582022 7 24 0 2020-10-31T13:18:31.013Z
8609184422348595485 -8964952486573412780 -8565564987192613315 7 16 0 2020-10-31T13:18:31.013Z
-3625584101394303118 -8964952486573412780 7700451503787671142 7 46 0 2020-10-31T13:18:31.013Z
514925861895674989 -8964952486573412780 -6209431288229273986 7 18 0 2020-10-31T13:18:31.013Z
8302327921263984525 6646206384877060529 -8964952486573412780 14 41 0 2020-10-31T13:18:31.013Z
738893738753045172 -8964952486573412780 -7351051410295239638 7 42 0 2020-10-31T13:18:31.013Z
3743891999830525889 -5701587238044607229 -8964952486573412780 14 63 0 2020-10-31T13:18:31.013Z
6391904024556837925 -8964952486573412780 -7613103805569574737 7 48 0 2020-10-31T13:18:31.013Z
8680104737434533518 332751507788359046 -8964952486573412780 14 73 0 2020-10-31T13:18:31.013Z
5357576186678063506 -8964952486573412780 -333534212690759339 7 56 0 2020-10-31T13:18:31.013Z
-3076635780368908113 -8964952486573412780 -5332609977480551522 7 50 0 2020-10-31T13:18:31.013Z
-1871158911040807587 -8964952486573412780 2941774085302416521 7 52 0 2020-10-31T13:18:31.013Z
2242435520670054417 -2250745077292002568 -8964952486573412780 14 51 0 2020-10-31T13:18:31.013Z
4451632013998121913 -8964952486573412780 -8710551920340533768 7 58 0 2020-10-31T13:18:31.013Z
2784300168632279007 8106356093144520792 -8964952486573412780 14 77 0 2020-10-31T13:18:31.013Z
-7836245988293612057 -8964952486573412780 4492759754366913590 7 70 0 2020-10-31T13:18:31.013Z
-2577779168986199614 -8964952486573412780 8664928025133015564 7 54 0 2020-10-31T13:18:31.013Z
8280264255533323232 -8710551920340533768 -8964952486573412780 14 59 0 2020-10-31T13:18:31.013Z
-6762671844689749237 -3054433683348582022 -8964952486573412780 14 29 0 2020-10-31T13:18:31.013Z
-7684464609123799957 -8964952486573412780 1641783527240948785 7 62 0 2020-10-31T13:18:31.013Z
-6438148506195431821 -8964952486573412780 -7932287413964324669 7 84 0 2020-10-31T13:18:31.013Z
-871417536192892017 -8964952486573412780 -5331997750435992501 7 64 0 2020-10-31T13:18:31.013Z
-2024795934653820078 4492759754366913590 -8964952486573412780 14 97 0 2020-10-31T13:18:31.013Z
-8384143129448809776 -7613103805569574737 -8964952486573412780 14 65 0 2020-10-31T13:18:31.013Z
