53
-9030891882121120909 0
-8964952486573412780 1
-7984991776033777218 2
-6532091669588858580 3
-5879326435444093071 4
-6795405314246371489 5
-3696248783237380134 6
4313661683705342717 7
7606024353721937002 8
4516365703603178666 9
-2050639292573124417 10
-3054433683348582022 11
-8710551920340533768 12
-7351051410295239638 13
6758544382327255137 14
1796143362674197296 15
4266004484165804680 16
-2250745077292002568 17
-333534212690759339 18
11184211258599969 19
8664928025133015564 20
7373112648226113134 21
-3647097174254902242 22
2405855140822940657 23
8239234334786354644 24
332751507788359046 25
8106356093144520792 26
-1524533836602524138 27
1860638157120548603 28
-8565564987192613315 29
5691599715058250436 30
-5701587238044607229 31
7700451503787671142 32
-7613103805569574737 33
4473707667523814788 34
-5332609977480551522 35
-5331997750435992501 36
2941774085302416521 37
2332388513431293500 38
5636435743014379326 39
4492759754366913590 40
-3669860440753529001 41
-6209431288229273986 42
1641783527240948785 43
1538456134301979342 44
6646206384877060529 45
-4754960797459034347 46
1083329371077872854 47
4772254197033237429 48
-7932287413964324669 49
5990189600803864700 50
136017854653439388 51
-8721913657871279129 52