53
-9030891882121120909 1
-8964952486573412780 1
-7984991776033777218 1
-6532091669588858580 2
-5879326435444093071 2
-6795405314246371489 2
-3696248783237380134 2
4313661683705342717 2
7606024353721937002 2
4516365703603178666 2
-2050639292573124417 2
-3054433683348582022 2
-8710551920340533768 2
-7351051410295239638 2
6758544382327255137 2
1796143362674197296 2
4266004484165804680 2
-2250745077292002568 2
-333534212690759339 2
11184211258599969 2
8664928025133015564 2
7373112648226113134 2
-3647097174254902242 2
2405855140822940657 2
8239234334786354644 2
332751507788359046 2
8106356093144520792 2
-1524533836602524138 2
1860638157120548603 2
-8565564987192613315 2
5691599715058250436 2
-5701587238044607229 2
7700451503787671142 2
-7613103805569574737 2
4473707667523814788 2
-5332609977480551522 2
-5331997750435992501 2
2941774085302416521 2
2332388513431293500 2
5636435743014379326 2
4492759754366913590 2
-3669860440753529001 2
-6209431288229273986 2
1641783527240948785 2
1538456134301979342 2
6646206384877060529 2
-4754960797459034347 2
1083329371077872854 2
4772254197033237429 2
-7932287413964324669 2
5990189600803864700 2
136017854653439388 2
-8721913657871279129 2
