73
1 3 7
1 4 7
1 5 7
1 39 7
1 52 7
1 51 7
1 50 7
19 1 14
47 1 14
1 47 7
1 46 7
1 48 7
38 1 14
1 38 7
1 34 7
1 25 7
44 1 14
1 44 7
16 1 14
1 6 7
1 8 7
1 45 7
1 22 7
1 9 7
1 30 7
2 0 3
1 14 7
1 19 7
21 1 14
20 1 14
1 2 3
1 27 7
7 1 14
1 31 7
1 24 7
1 17 7
1 10 7
42 1 14
1 28 7
1 41 7
10 1 14
1 23 7
1 15 7
1 21 7
1 16 7
28 1 14
1 26 7
23 1 14
1 7 7
1 11 7
1 29 7
1 32 7
1 42 7
45 1 14
1 13 7
31 1 14
1 33 7
25 1 14
1 18 7
1 35 7
1 37 7
17 1 14
1 12 7
26 1 14
1 40 7
1 20 7
12 1 14
11 1 14
1 43 7
1 49 7
1 36 7
40 1 14
33 1 14