60
5194406918646131137 7512408445260944538 7512408445260944538 3 222 0 2020-10-31T13:18:31.013Z
-602666297507398710 -1616612744548739621 -6665639605408206433 7 219 0 2020-10-31T13:18:31.013Z
-8722873851594428119 -1616612744548739621 8292934994376297071 7 217 0 2020-10-31T13:18:31.013Z
-5555477093377760583 7512408445260944538 4260997093249494318 7 223 0 2020-10-31T13:18:31.013Z
-3224888092025108342 -1616612744548739621 -2367084756761487476 7 215 0 2020-10-31T13:18:31.013Z
-290624796665125696 3137820987792958048 -1616612744548739621 14 214 0 2020-10-31T13:18:31.013Z
-1889742420311104055 -1616612744548739621 3137820987792958048 7 213 0 2020-10-31T13:18:31.013Z
-6434638387722420908 -1616612744548739621 -8717476712604317245 16 203 0 2020-10-31T13:18:31.013Z
1263911375205569200 -1616612744548739621 3137820987792958048 7 200 0 2020-10-31T13:18:31.013Z
-3934451348986002662 -1616612744548739621 -8717476712604317245 16 195 0 2020-10-31T13:18:31.013Z
1386683572984005476 -1616612744548739621 -8717476712604317245 16 211 0 2020-10-31T13:18:31.013Z
1136338508945468661 -1616612744548739621 -8717476712604317245 16 192 0 2020-10-31T13:18:31.013Z
7212266104094897547 3137820987792958048 -1616612744548739621 14 190 0 2020-10-31T13:18:31.013Z
2332040628328744402 -1616612744548739621 -8717476712604317245 16 189 0 2020-10-31T13:18:31.013Z
6057905197370039132 -1616612744548739621 3137820987792958048 7 186 0 2020-10-31T13:18:31.013Z
-4936291794402273513 -1616612744548739621 3137820987792958048 7 208 0 2020-10-31T13:18:31.013Z
-393302097080117328 3137820987792958048 -1616612744548739621 14 185 0 2020-10-31T13:18:31.013Z
2509353040569075386 -1616612744548739621 -8717476712604317245 16 198 0 2020-10-31T13:18:31.013Z
8118034112705146315 -1616612744548739621 -8717476712604317245 16 141 0 2020-10-31T13:18:31.013Z
3803217282302711983 -1616612744548739621 3137820987792958048 7 136 0 2020-10-31T13:18:31.013Z
3882084411633915919 -1616612744548739621 3137820987792958048 7 126 0 2020-10-31T13:18:31.013Z
3959377515517358246 -1616612744548739621 -8717476712604317245 16 134 0 2020-10-31T13:18:31.013Z
-788047142442772938 -1616612744548739621 -8717476712604317245 16 124 0 2020-10-31T13:18:31.013Z
-8576819895096151395 -1616612744548739621 -8717476712604317245 16 117 0 2020-10-31T13:18:31.013Z
4494797920019501040 3137820987792958048 -1616612744548739621 14 120 0 2020-10-31T13:18:31.013Z
6344254286705589902 -1616612744548739621 3137820987792958048 7 97 0 2020-10-31T13:18:31.013Z
-3041704676971781285 -1616612744548739621 -8717476712604317245 16 174 0 2020-10-31T13:18:31.013Z
1537333217738693699 -1616612744548739621 -8717476712604317245 16 110 0 2020-10-31T13:18:31.013Z
-5828728557659956870 -1616612744548739621 3137820987792958048 7 102 0 2020-10-31T13:18:31.013Z
4075914119202198397 -1616612744548739621 3137820987792958048 7 157 0 2020-10-31T13:18:31.013Z
8372369377457267068 -1616612744548739621 3137820987792958048 7 112 0 2020-10-31T13:18:31.013Z
-2351006562349062624 -1616612744548739621 -8717476712604317245 16 105 0 2020-10-31T13:18:31.013Z
1311441001108435810 -1616612744548739621 -8717476712604317245 16 165 0 2020-10-31T13:18:31.013Z
645617158797226526 -1616612744548739621 3137820987792958048 7 131 0 2020-10-31T13:18:31.013Z
8813604319814036695 -1616612744548739621 3137820987792958048 7 146 0 2020-10-31T13:18:31.013Z
1588510066012852757 -1616612744548739621 3137820987792958048 7 119 0 2020-10-31T13:18:31.013Z
-391877703587705979 3137820987792958048 -1616612744548739621 14 151 0 2020-10-31T13:18:31.013Z
-6934652987254646684 -1616612744548739621 3137820987792958048 7 181 0 2020-10-31T13:18:31.013Z
3498988490302438679 -1616612744548739621 7512408445260944538 3 221 0 2020-10-31T13:18:31.013Z
-4511451000510552718 -1616612744548739621 -8717476712604317245 16 206 0 2020-10-31T13:18:31.013Z
-2226592459468173077 -1616612744548739621 3137820987792958048 7 107 0 2020-10-31T13:18:31.013Z
6144894981482723929 -1616612744548739621 3137820987792958048 7 114 0 2020-10-31T13:18:31.013Z
3698518847326064723 -1616612744548739621 -8717476712604317245 16 129 0 2020-10-31T13:18:31.013Z
-5773515725532864976 -1616612744548739621 -8717476712604317245 16 100 0 2020-10-31T13:18:31.013Z
-1037794296541026478 -1616612744548739621 -8717476712604317245 16 144 0 2020-10-31T13:18:31.013Z
-8388681205640488076 -1616612744548739621 3137820987792958048 7 148 0 2020-10-31T13:18:31.013Z
-6339941991874352848 3137820987792958048 -1616612744548739621 14 139 0 2020-10-31T13:18:31.013Z
-4093021186133218182 -1616612744548739621 3137820987792958048 7 150 0 2020-10-31T13:18:31.013Z
-759607189679900709 -1616612744548739621 3137820987792958048 7 152 0 2020-10-31T13:18:31.013Z
-2763474096524711379 -1616612744548739621 -8717476712604317245 16 155 0 2020-10-31T13:18:31.013Z
-3178351048169436560 -1616612744548739621 -8717476712604317245 16 162 0 2020-10-31T13:18:31.013Z
-1785949927816218920 -1616612744548739621 -8717476712604317245 16 179 0 2020-10-31T13:18:31.013Z
3084387815248091457 -1616612744548739621 3137820987792958048 7 138 0 2020-10-31T13:18:31.013Z
5201313818142767691 -1616612744548739621 3137820987792958048 7 159 0 2020-10-31T13:18:31.013Z
-4665466769661685605 -1616612744548739621 3137820987792958048 7 121 0 2020-10-31T13:18:31.013Z
-2809721525533047223 -1616612744548739621 -8717476712604317245 16 168 0 2020-10-31T13:18:31.013Z
9216620228088730381 3137820987792958048 -1616612744548739621 14 172 0 2020-10-31T13:18:31.013Z
-762384851931824169 -1616612744548739621 -8717476712604317245 16 171 0 2020-10-31T13:18:31.013Z
-4154214455070714490 -1616612744548739621 3137820987792958048 7 176 0 2020-10-31T13:18:31.013Z
974083936249154787 -1616612744548739621 -8717476712604317245 16 184 0 2020-10-31T13:18:31.013Z
