74
7812166693302953915 -7842840593062307980 5324981549705507992 3 127 0 2020-10-31T13:18:31.013Z
7866246262670996422 2446406156681322945 -3717709318484422177 7 119 0 2020-10-31T13:18:31.013Z
-5106332621820347604 2446406156681322945 4925212482745864060 7 117 0 2020-10-31T13:18:31.013Z
4932069227872782498 -7842840593062307980 -8516650560595347405 3 134 0 2020-10-31T13:18:31.013Z
-7060263382942120359 -7842840593062307980 7352784485256980916 3 125 0 2020-10-31T13:18:31.013Z
1519821627988253385 2446406156681322945 2694044209419385905 7 115 0 2020-10-31T13:18:31.013Z
2049060228883406965 2446406156681322945 -8101234613412327663 7 112 0 2020-10-31T13:18:31.013Z
2368890381118742231 -4525108815495012798 5583389026549401885 7 104 0 2020-10-31T13:18:31.013Z
-868696409766533355 2446406156681322945 1045691185749475663 7 102 0 2020-10-31T13:18:31.013Z
-3666099844010263266 3010205171714125741 3010205171714125741 3 94 0 2020-10-31T13:18:31.013Z
1378391965726134682 -2975986158103972530 3010205171714125741 3 93 0 2020-10-31T13:18:31.013Z
-4035244017860303730 -2975986158103972530 -174717277757027484 7 92 0 2020-10-31T13:18:31.013Z
8209019158850704745 469330092667491253 2035238680324163513 14 91 0 2020-10-31T13:18:31.013Z
7370156437818730675 7927476602468721692 2035238680324163513 14 89 0 2020-10-31T13:18:31.013Z
-3003381626250733196 2035238680324163513 6868190886987276709 7 88 0 2020-10-31T13:18:31.013Z
4198812844065661795 5577538892647823156 2035238680324163513 14 85 0 2020-10-31T13:18:31.013Z
6490883503064254919 7498092279288240195 2035238680324163513 14 83 0 2020-10-31T13:18:31.013Z
-7724322345241740609 2035238680324163513 3554891087412779651 7 80 0 2020-10-31T13:18:31.013Z
6719873461789685510 2035238680324163513 4205624391875137184 7 82 0 2020-10-31T13:18:31.013Z
4375743420431125379 2035238680324163513 -2907875895779431358 7 32 0 2020-10-31T13:18:31.013Z
5053559293317669570 2035238680324163513 8336341963951988906 7 34 0 2020-10-31T13:18:31.013Z
2364689321611970887 2035238680324163513 1608806621831266974 7 64 0 2020-10-31T13:18:31.013Z
-3786926482522824282 2035238680324163513 5374979080791212823 7 72 0 2020-10-31T13:18:31.013Z
-4073677588592219092 2035238680324163513 -2454892885140166343 7 24 0 2020-10-31T13:18:31.013Z
8028414407253586471 1608806621831266974 2035238680324163513 14 65 0 2020-10-31T13:18:31.013Z
1890434732651985885 2035238680324163513 7152010050593362759 7 38 0 2020-10-31T13:18:31.013Z
-8271374083573054042 1639268503569459464 2035238680324163513 14 27 0 2020-10-31T13:18:31.013Z
671990886686244184 2035238680324163513 -7296300120754750686 7 22 0 2020-10-31T13:18:31.013Z
-4546526182801586576 2035238680324163513 5730711817006092193 7 36 0 2020-10-31T13:18:31.013Z
3841693687107367494 2035238680324163513 5672457050781853629 7 12 0 2020-10-31T13:18:31.013Z
657085881864189286 2035238680324163513 5336819771939737673 7 8 0 2020-10-31T13:18:31.013Z
-7002238216865644558 2035238680324163513 -3779245703808428533 7 44 0 2020-10-31T13:18:31.013Z
-1506567364534081577 2035238680324163513 7706995888831316656 7 4 0 2020-10-31T13:18:31.013Z
7757833884468113675 2035238680324163513 -6131898110744566805 7 90 0 2020-10-31T13:18:31.013Z
2625669735080786815 2035238680324163513 6804442166688657304 7 2 0 2020-10-31T13:18:31.013Z
-7614726690235093723 2035238680324163513 1639268503569459464 7 26 0 2020-10-31T13:18:31.013Z
-8862077672029512988 2035238680324163513 -3786362010330676431 7 14 0 2020-10-31T13:18:31.013Z
-913761814432769793 2035238680324163513 3049245628432931229 7 54 0 2020-10-31T13:18:31.013Z
3918081244569904907 885869836608404721 2035238680324163513 14 53 0 2020-10-31T13:18:31.013Z
9104530857695711626 2035238680324163513 469330092667491253 7 6 0 2020-10-31T13:18:31.013Z
2944655182719198453 2446406156681322945 -7842840593062307980 3 108 0 2020-10-31T13:18:31.013Z
-7828982437625910589 2035238680324163513 -4449743243455640118 7 40 0 2020-10-31T13:18:31.013Z
575783339370201337 5672457050781853629 2035238680324163513 14 31 0 2020-10-31T13:18:31.013Z
3797794807980073176 2035238680324163513 8815311016034266439 7 62 0 2020-10-31T13:18:31.013Z
119127042056476418 2035238680324163513 -2956521778278367778 7 0 0 2020-10-31T13:18:31.013Z
-2694704322639836140 -2503590376904006411 2035238680324163513 14 51 0 2020-10-31T13:18:31.013Z
-592075896666934119 2035238680324163513 -4945617448497608429 7 58 0 2020-10-31T13:18:31.013Z
-6261256734760634514 2035238680324163513 5806730739520748195 7 16 0 2020-10-31T13:18:31.013Z
-1139319034928251194 2035238680324163513 5168767064094682656 7 20 0 2020-10-31T13:18:31.013Z
4863051896782534697 2446406156681322945 -8119391195408741038 3 107 0 2020-10-31T13:18:31.013Z
-1220675090436818526 2035238680324163513 5577538892647823156 7 84 0 2020-10-31T13:18:31.013Z
5529736452840227636 2035238680324163513 -2510588030216535784 7 70 0 2020-10-31T13:18:31.013Z
-5090631133670917477 2035238680324163513 -6972646845868528670 7 28 0 2020-10-31T13:18:31.013Z
-5654535407249859085 2035238680324163513 -4399784793295395368 7 18 0 2020-10-31T13:18:31.013Z
-7572495778218319294 2035238680324163513 -5624820421663453412 7 46 0 2020-10-31T13:18:31.013Z
-8051395509535156284 2035238680324163513 2156523275847675306 7 48 0 2020-10-31T13:18:31.013Z
4912365490200121428 2035238680324163513 3165486009743820898 7 76 0 2020-10-31T13:18:31.013Z
2071564495504648791 2035238680324163513 -2503590376904006411 7 50 0 2020-10-31T13:18:31.013Z
-3728244836967117101 2035238680324163513 -5018655402938426813 7 56 0 2020-10-31T13:18:31.013Z
-1492989086184617074 2035238680324163513 7498092279288240195 7 68 0 2020-10-31T13:18:31.013Z
574492002758971422 3010205171714125741 2446406156681322945 3 97 0 2020-10-31T13:18:31.013Z
7508420388070361245 2035238680324163513 4772641855343380032 7 42 0 2020-10-31T13:18:31.013Z
-6501337503062740418 2035238680324163513 -7711141586051013107 7 30 0 2020-10-31T13:18:31.013Z
-2594803289631588220 2035238680324163513 885869836608404721 7 52 0 2020-10-31T13:18:31.013Z
-3927038798631964186 2035238680324163513 4695700213058004365 7 10 0 2020-10-31T13:18:31.013Z
-1977129415531996081 2156523275847675306 2035238680324163513 14 49 0 2020-10-31T13:18:31.013Z
7985115544292041439 2035238680324163513 3290423760934885141 7 60 0 2020-10-31T13:18:31.013Z
4163707159168467519 2446406156681322945 -4525108815495012798 3 98 0 2020-10-31T13:18:31.013Z
-1875763872663781751 2035238680324163513 -2907151526984375262 7 66 0 2020-10-31T13:18:31.013Z
493901399365980529 -4525108815495012798 2840408166632495491 7 99 0 2020-10-31T13:18:31.013Z
-50246567622358183 2035238680324163513 -4944173875500294713 7 86 0 2020-10-31T13:18:31.013Z
-5663721527840584050 -3786362010330676431 2035238680324163513 14 69 0 2020-10-31T13:18:31.013Z
-5246080142839194148 2035238680324163513 7927476602468721692 7 74 0 2020-10-31T13:18:31.013Z
-491144352554357839 2035238680324163513 6890386968354594278 7 78 0 2020-10-31T13:18:31.013Z
