95
-7842840593062307980 0
-4525108815495012798 1
2446406156681322945 2
218753533554751523 3
3268941686371663934 4
6302310942788091956 5
2689584728707825576 6
7352784485256980916 7
-5311308886992270674 8
2035238680324163513 9
4384309129990763096 10
1444235790677617594 11
-8516650560595347405 12
-8076154174379575510 13
-6509458143551952389 14
996092377027342141 15
8030075415079606828 16
-6280607100221359988 17
-7112082319022299585 18
7550700609339122366 19
6077980243373983842 20
-8119391195408741038 21
-7440534323587102475 22
6665599690112929129 23
3240263583961572860 24
595256785153032960 25
3010205171714125741 26
4944728352949920519 27
-3723048507552747752 28
-778893165346030884 29
-1251998688471996907 30
4248992107858020308 31
-8576312221903299253 32
-1712245582399270207 33
5577516531178043162 34
2014110189962809021 35
-442055703624529411 36
5324981549705507992 37
-2975986158103972530 38
-1487976961720367294 39
-826243519082053207 40
-3717709318484422177 41
5583389026549401885 42
2840408166632495491 43
4925212482745864060 44
5730711817006092193 45
-2907875895779431358 46
-7711141586051013107 47
5577538892647823156 48
-6972646845868528670 49
7152010050593362759 50
-6131898110744566805 51
-7296300120754750686 52
-4399784793295395368 53
-3779245703808428533 54
8815311016034266439 55
3554891087412779651 56
1639268503569459464 57
2694044209419385905 58
-3786362010330676431 59
1045691185749475663 60
469330092667491253 61
-2454892885140166343 62
7706995888831316656 63
-2510588030216535784 64
5806730739520748195 65
6804442166688657304 66
4772641855343380032 67
5672457050781853629 68
5336819771939737673 69
-2956521778278367778 70
4695700213058004365 71
-174717277757027484 72
5168767064094682656 73
3165486009743820898 74
-5624820421663453412 75
-2503590376904006411 76
8336341963951988906 77
885869836608404721 78
3049245628432931229 79
-5018655402938426813 80
-4945617448497608429 81
2156523275847675306 82
3290423760934885141 83
1608806621831266974 84
7927476602468721692 85
-2907151526984375262 86
7498092279288240195 87
5374979080791212823 88
-4449743243455640118 89
-4944173875500294713 90
6890386968354594278 91
-8101234613412327663 92
4205624391875137184 93
6868190886987276709 94