95
-7842840593062307980 1
-4525108815495012798 1
2446406156681322945 1
218753533554751523 1
3268941686371663934 1
6302310942788091956 1
2689584728707825576 1
7352784485256980916 1
-5311308886992270674 1
2035238680324163513 1
4384309129990763096 1
1444235790677617594 1
-8516650560595347405 1
-8076154174379575510 1
-6509458143551952389 1
996092377027342141 1
8030075415079606828 1
-6280607100221359988 1
-7112082319022299585 1
7550700609339122366 1
6077980243373983842 1
-8119391195408741038 1
-7440534323587102475 1
6665599690112929129 1
3240263583961572860 1
595256785153032960 1
3010205171714125741 1
4944728352949920519 1
-3723048507552747752 1
-778893165346030884 1
-1251998688471996907 1
4248992107858020308 1
-8576312221903299253 1
-1712245582399270207 1
5577516531178043162 1
2014110189962809021 1
-442055703624529411 1
5324981549705507992 1
-2975986158103972530 1
-1487976961720367294 1
-826243519082053207 1
-3717709318484422177 2
5583389026549401885 2
2840408166632495491 2
4925212482745864060 2
5730711817006092193 2
-2907875895779431358 2
-7711141586051013107 2
5577538892647823156 2
-6972646845868528670 2
7152010050593362759 2
-6131898110744566805 2
-7296300120754750686 2
-4399784793295395368 2
-3779245703808428533 2
8815311016034266439 2
3554891087412779651 2
1639268503569459464 2
2694044209419385905 2
-3786362010330676431 2
1045691185749475663 2
469330092667491253 2
-2454892885140166343 2
7706995888831316656 2
-2510588030216535784 2
5806730739520748195 2
6804442166688657304 2
4772641855343380032 2
5672457050781853629 2
5336819771939737673 2
-2956521778278367778 2
4695700213058004365 2
-174717277757027484 2
5168767064094682656 2
3165486009743820898 2
-5624820421663453412 2
-2503590376904006411 2
8336341963951988906 2
885869836608404721 2
3049245628432931229 2
-5018655402938426813 2
-4945617448497608429 2
2156523275847675306 2
3290423760934885141 2
1608806621831266974 2
7927476602468721692 2
-2907151526984375262 2
7498092279288240195 2
5374979080791212823 2
-4449743243455640118 2
-4944173875500294713 2
6890386968354594278 2
-8101234613412327663 2
4205624391875137184 2
6868190886987276709 2
