74
0 37 3
2 41 7
2 44 7
0 12 3
0 7 3
2 58 7
2 92 7
1 42 7
2 60 7
26 26 3
38 26 3
38 72 7
61 9 14
85 9 14
9 94 7
48 9 14
87 9 14
9 56 7
9 93 7
9 46 7
9 77 7
9 84 7
9 88 7
9 62 7
84 9 14
9 50 7
57 9 14
9 52 7
9 45 7
9 68 7
9 69 7
9 54 7
9 63 7
9 51 7
9 66 7
9 57 7
9 59 7
9 79 7
78 9 14
9 61 7
2 0 3
9 89 7
68 9 14
9 55 7
9 70 7
76 9 14
9 81 7
9 65 7
9 73 7
2 21 3
9 48 7
9 64 7
9 49 7
9 53 7
9 75 7
9 82 7
9 74 7
9 76 7
9 80 7
9 87 7
26 2 3
9 67 7
9 47 7
9 78 7
9 71 7
82 9 14
9 83 7
2 1 3
9 86 7
1 43 7
9 90 7
59 9 14
9 85 7
9 91 7