99
1640477861914084003 143285081180068745 143285081180068745 3 99 0 2020-10-31T13:18:31.013Z
-2893622926366836677 143285081180068745 -7586389104166118008 7 45 0 2020-10-31T13:18:31.013Z
5633046694375554974 143285081180068745 143285081180068745 3 42 0 2020-10-31T13:18:31.013Z
-4663616057926744631 143285081180068745 143285081180068745 3 38 0 2020-10-31T13:18:31.013Z
-623021293067043642 143285081180068745 -9188862463128671122 7 95 0 2020-10-31T13:18:31.013Z
-2989124783275337238 143285081180068745 143285081180068745 3 34 0 2020-10-31T13:18:31.013Z
158028113301251095 143285081180068745 -7817319364082995669 7 37 0 2020-10-31T13:18:31.013Z
-7894253708509189681 -2228062359532426636 358417505832810297 7 1 0 2020-10-31T13:18:31.013Z
-4498171894308550809 143285081180068745 -4216259928394101014 7 33 0 2020-10-31T13:18:31.013Z
-4607512526728245620 143285081180068745 -6849907880327641470 7 39 0 2020-10-31T13:18:31.013Z
-4186160466389332269 143285081180068745 143285081180068745 3 32 0 2020-10-31T13:18:31.013Z
1462464905677870023 143285081180068745 143285081180068745 3 20 0 2020-10-31T13:18:31.013Z
-995576568902717370 143285081180068745 143285081180068745 3 14 0 2020-10-31T13:18:31.013Z
-9009346378067637926 143285081180068745 -6803579770464401333 7 27 0 2020-10-31T13:18:31.013Z
1440696936241689548 143285081180068745 -4560192579951783032 7 98 0 2020-10-31T13:18:31.013Z
-4026315834929452744 143285081180068745 1592226955946754744 7 23 0 2020-10-31T13:18:31.013Z
3974760272230850464 143285081180068745 143285081180068745 3 28 0 2020-10-31T13:18:31.013Z
-46255531776861513 143285081180068745 921404387224230791 7 67 0 2020-10-31T13:18:31.013Z
-8763686206239810253 143285081180068745 -4489133755804210264 7 25 0 2020-10-31T13:18:31.013Z
6388225894647646997 143285081180068745 143285081180068745 3 24 0 2020-10-31T13:18:31.013Z
8208462120665752043 143285081180068745 2020355332500008396 7 47 0 2020-10-31T13:18:31.013Z
9038361904750601828 143285081180068745 143285081180068745 3 82 0 2020-10-31T13:18:31.013Z
-7644369733939320882 143285081180068745 143285081180068745 3 8 0 2020-10-31T13:18:31.013Z
-132386308201668542 -8964952486573412780 -2228062359532426636 3 0 0 2020-10-31T13:18:31.013Z
7037420160754717695 143285081180068745 9205925740516531869 7 13 0 2020-10-31T13:18:31.013Z
4050328306093718979 143285081180068745 143285081180068745 3 22 0 2020-10-31T13:18:31.013Z
2507809766306755266 143285081180068745 143285081180068745 3 30 0 2020-10-31T13:18:31.013Z
1735175750759688419 143285081180068745 6977851711196583676 7 7 0 2020-10-31T13:18:31.013Z
-285432543508907910 143285081180068745 -3722739491951416592 7 31 0 2020-10-31T13:18:31.013Z
1195673667511329779 143285081180068745 9154193054747815895 7 21 0 2020-10-31T13:18:31.013Z
6659906375942946255 143285081180068745 7367577331126461256 7 3 0 2020-10-31T13:18:31.013Z
7993245460763127564 143285081180068745 -1960327623929992205 7 63 0 2020-10-31T13:18:31.013Z
7150549843343977958 143285081180068745 6281088191278819618 7 11 0 2020-10-31T13:18:31.013Z
-5878996828600308856 143285081180068745 -8872375703557512677 7 73 0 2020-10-31T13:18:31.013Z
-6156507583698075113 143285081180068745 143285081180068745 3 36 0 2020-10-31T13:18:31.013Z
-7338924024528901599 143285081180068745 143285081180068745 3 44 0 2020-10-31T13:18:31.013Z
-2096447466846546757 143285081180068745 143285081180068745 3 4 0 2020-10-31T13:18:31.013Z
-8644381786985332592 143285081180068745 -9188911595501735611 7 5 0 2020-10-31T13:18:31.013Z
-5672808989409817954 -2228062359532426636 143285081180068745 3 2 0 2020-10-31T13:18:31.013Z
549185320318152003 143285081180068745 7147965632590311918 7 71 0 2020-10-31T13:18:31.013Z
4089781585818122222 143285081180068745 143285081180068745 3 26 0 2020-10-31T13:18:31.013Z
-5518338731905527590 143285081180068745 2498063656084554170 7 87 0 2020-10-31T13:18:31.013Z
5604149404723719936 143285081180068745 143285081180068745 3 12 0 2020-10-31T13:18:31.013Z
-6562130996241552472 143285081180068745 -3803861018242406225 7 81 0 2020-10-31T13:18:31.013Z
4681692711732250862 143285081180068745 -8831876165731928408 7 59 0 2020-10-31T13:18:31.013Z
-5102555060040042886 143285081180068745 1780873962231926049 7 89 0 2020-10-31T13:18:31.013Z
2789395615397065094 143285081180068745 -1685809655283084517 7 35 0 2020-10-31T13:18:31.013Z
-6144025706805986102 143285081180068745 4376089201506465481 7 17 0 2020-10-31T13:18:31.013Z
-2297544605880284115 143285081180068745 4459832271255849925 7 29 0 2020-10-31T13:18:31.013Z
-7801416215937379344 143285081180068745 143285081180068745 3 54 0 2020-10-31T13:18:31.013Z
-4527063593282331153 143285081180068745 143285081180068745 3 6 0 2020-10-31T13:18:31.013Z
-1430593201619999983 143285081180068745 143285081180068745 3 92 0 2020-10-31T13:18:31.013Z
-4862271735226944999 143285081180068745 4607765556651901068 7 41 0 2020-10-31T13:18:31.013Z
6585779502228001183 143285081180068745 143285081180068745 3 16 0 2020-10-31T13:18:31.013Z
6539402604487749277 143285081180068745 143285081180068745 3 18 0 2020-10-31T13:18:31.013Z
-7901574984581825294 143285081180068745 143285081180068745 3 48 0 2020-10-31T13:18:31.013Z
-284749132724878885 143285081180068745 -1710922865317330879 7 9 0 2020-10-31T13:18:31.013Z
-4105811435507694625 143285081180068745 6372816738328468104 7 53 0 2020-10-31T13:18:31.013Z
-5257603637422051480 143285081180068745 7231725348474740549 7 83 0 2020-10-31T13:18:31.013Z
-4687617435034520132 143285081180068745 143285081180068745 3 50 0 2020-10-31T13:18:31.013Z
1737317809234469223 143285081180068745 5919515575080464185 7 51 0 2020-10-31T13:18:31.013Z
7615613085939278131 143285081180068745 143285081180068745 3 52 0 2020-10-31T13:18:31.013Z
-9057540443417717802 143285081180068745 -4639701377338618094 7 61 0 2020-10-31T13:18:31.013Z
-1167316616704941835 143285081180068745 1730692530428203602 7 55 0 2020-10-31T13:18:31.013Z
-4739322489605547632 143285081180068745 143285081180068745 3 56 0 2020-10-31T13:18:31.013Z
7950092108145083003 143285081180068745 143285081180068745 3 58 0 2020-10-31T13:18:31.013Z
-9027898255381836415 143285081180068745 143285081180068745 3 60 0 2020-10-31T13:18:31.013Z
3745787714601060052 143285081180068745 143285081180068745 3 86 0 2020-10-31T13:18:31.013Z
-8110348262334831120 143285081180068745 143285081180068745 3 62 0 2020-10-31T13:18:31.013Z
5127134438888258129 143285081180068745 143285081180068745 3 64 0 2020-10-31T13:18:31.013Z
-8149384571266930309 143285081180068745 608574164766393951 7 15 0 2020-10-31T13:18:31.013Z
1799628787076091291 143285081180068745 -5911778006250222962 7 65 0 2020-10-31T13:18:31.013Z
6176342514370560549 143285081180068745 143285081180068745 3 78 0 2020-10-31T13:18:31.013Z
1057648175394296036 143285081180068745 143285081180068745 3 66 0 2020-10-31T13:18:31.013Z
5051620089763701807 143285081180068745 143285081180068745 3 68 0 2020-10-31T13:18:31.013Z
-7192043717608687152 143285081180068745 -2783410894318449489 7 69 0 2020-10-31T13:18:31.013Z
-5726597343594112338 143285081180068745 143285081180068745 3 70 0 2020-10-31T13:18:31.013Z
8548641732744178045 143285081180068745 -2035486264706075290 7 43 0 2020-10-31T13:18:31.013Z
-1982556381308764397 143285081180068745 143285081180068745 3 72 0 2020-10-31T13:18:31.013Z
-230339175841516788 143285081180068745 143285081180068745 3 74 0 2020-10-31T13:18:31.013Z
7390078676633649075 143285081180068745 -4757800846932610254 7 75 0 2020-10-31T13:18:31.013Z
3155216780238255703 143285081180068745 143285081180068745 3 76 0 2020-10-31T13:18:31.013Z
542579910807473858 143285081180068745 1899646679042355654 7 77 0 2020-10-31T13:18:31.013Z
-4351594544633940785 143285081180068745 143285081180068745 3 40 0 2020-10-31T13:18:31.013Z
-5650549360656038748 143285081180068745 3246885486240393466 7 79 0 2020-10-31T13:18:31.013Z
-4799360025508242949 143285081180068745 -1730503747409361005 7 19 0 2020-10-31T13:18:31.013Z
-4824305469186023195 143285081180068745 143285081180068745 3 80 0 2020-10-31T13:18:31.013Z
6966825798950603491 143285081180068745 143285081180068745 3 46 0 2020-10-31T13:18:31.013Z
-229026578921344687 143285081180068745 143285081180068745 3 84 0 2020-10-31T13:18:31.013Z
-7740565649850404481 143285081180068745 -7446329425714248903 7 85 0 2020-10-31T13:18:31.013Z
5520920248107140933 143285081180068745 143285081180068745 3 94 0 2020-10-31T13:18:31.013Z
-6402929188679711747 143285081180068745 -4363534274070055809 7 49 0 2020-10-31T13:18:31.013Z
-4052088174215991876 143285081180068745 143285081180068745 3 88 0 2020-10-31T13:18:31.013Z
-6089295375192379604 143285081180068745 143285081180068745 3 90 0 2020-10-31T13:18:31.013Z
-1718138630785776084 143285081180068745 -3666995836233375646 7 91 0 2020-10-31T13:18:31.013Z
1743735245439210008 143285081180068745 143285081180068745 3 10 0 2020-10-31T13:18:31.013Z
-569680384806296347 143285081180068745 4331570019043629339 7 57 0 2020-10-31T13:18:31.013Z
4887741656872364180 143285081180068745 -4272743986581486038 7 93 0 2020-10-31T13:18:31.013Z
492077250335256370 143285081180068745 -7100024338661345719 3 97 0 2020-10-31T13:18:31.013Z
