53
-7100024338661345719 0
-8964952486573412780 1
143285081180068745 2
-2228062359532426636 3
-4560192579951783032 4
-9188862463128671122 5
-1685809655283084517 6
-6803579770464401333 7
4459832271255849925 8
-9188911595501735611 9
-1710922865317330879 10
2020355332500008396 11
358417505832810297 12
-4216259928394101014 13
-1960327623929992205 14
3246885486240393466 15
7367577331126461256 16
6977851711196583676 17
-2783410894318449489 18
-4363534274070055809 19
-3722739491951416592 20
4607765556651901068 21
4376089201506465481 22
-1730503747409361005 23
9154193054747815895 24
6281088191278819618 25
-2035486264706075290 26
921404387224230791 27
-7446329425714248903 28
608574164766393951 29
9205925740516531869 30
-7586389104166118008 31
-7817319364082995669 32
5919515575080464185 33
-8872375703557512677 34
1730692530428203602 35
-8831876165731928408 36
4331570019043629339 37
-4639701377338618094 38
-5911778006250222962 39
-4489133755804210264 40
7147965632590311918 41
6372816738328468104 42
-3666995836233375646 43
1899646679042355654 44
1592226955946754744 45
-3803861018242406225 46
7231725348474740549 47
-6849907880327641470 48
-4757800846932610254 49
1780873962231926049 50
2498063656084554170 51
-4272743986581486038 52