53
-7100024338661345719 1
-8964952486573412780 1
143285081180068745 1
-2228062359532426636 1
-4560192579951783032 2
-9188862463128671122 2
-1685809655283084517 2
-6803579770464401333 2
4459832271255849925 2
-9188911595501735611 2
-1710922865317330879 2
2020355332500008396 2
358417505832810297 2
-4216259928394101014 2
-1960327623929992205 2
3246885486240393466 2
7367577331126461256 2
6977851711196583676 2
-2783410894318449489 2
-4363534274070055809 2
-3722739491951416592 2
4607765556651901068 2
4376089201506465481 2
-1730503747409361005 2
9154193054747815895 2
6281088191278819618 2
-2035486264706075290 2
921404387224230791 2
-7446329425714248903 2
608574164766393951 2
9205925740516531869 2
-7586389104166118008 2
-7817319364082995669 2
5919515575080464185 2
-8872375703557512677 2
1730692530428203602 2
-8831876165731928408 2
4331570019043629339 2
-4639701377338618094 2
-5911778006250222962 2
-4489133755804210264 2
7147965632590311918 2
6372816738328468104 2
-3666995836233375646 2
1899646679042355654 2
1592226955946754744 2
-3803861018242406225 2
7231725348474740549 2
-6849907880327641470 2
-4757800846932610254 2
1780873962231926049 2
2498063656084554170 2
-4272743986581486038 2
