99
2 2 3
2 31 7
2 2 3
2 2 3
2 5 7
2 2 3
2 32 7
3 12 7
2 13 7
2 48 7
2 2 3
2 2 3
2 2 3
2 7 7
2 4 7
2 45 7
2 2 3
2 27 7
2 40 7
2 2 3
2 11 7
2 2 3
2 2 3
1 3 3
2 30 7
2 2 3
2 2 3
2 17 7
2 20 7
2 24 7
2 16 7
2 14 7
2 25 7
2 34 7
2 2 3
2 2 3
2 2 3
2 9 7
3 2 3
2 41 7
2 2 3
2 51 7
2 2 3
2 46 7
2 36 7
2 50 7
2 6 7
2 22 7
2 8 7
2 2 3
2 2 3
2 2 3
2 21 7
2 2 3
2 2 3
2 2 3
2 10 7
2 42 7
2 47 7
2 2 3
2 33 7
2 2 3
2 38 7
2 35 7
2 2 3
2 2 3
2 2 3
2 2 3
2 2 3
2 2 3
2 29 7
2 39 7
2 2 3
2 2 3
2 2 3
2 18 7
2 2 3
2 26 7
2 2 3
2 2 3
2 49 7
2 2 3
2 44 7
2 2 3
2 15 7
2 23 7
2 2 3
2 2 3
2 2 3
2 28 7
2 2 3
2 19 7
2 2 3
2 2 3
2 43 7
2 2 3
2 37 7
2 52 7
2 0 3