138
-1568582874576853570 5892611217283842882 -7023990973549143488 16 309 0 2020-10-31T13:18:31.013Z
239670020778625153 5892611217283842882 -3180709075146280416 16 303 0 2020-10-31T13:18:31.013Z
2553012112295726122 5892611217283842882 713178900737983560 16 285 0 2020-10-31T13:18:31.013Z
2101999840562189844 5892611217283842882 -3523907347753816897 16 282 0 2020-10-31T13:18:31.013Z
3444885928215915868 5892611217283842882 -1244111190888116860 16 306 0 2020-10-31T13:18:31.013Z
1000004564871169337 5892611217283842882 4924087637581452652 16 273 0 2020-10-31T13:18:31.013Z
4371467137475928343 5892611217283842882 -1381560126077466153 16 267 0 2020-10-31T13:18:31.013Z
2192195015353996948 5892611217283842882 -7889382127869431171 16 261 0 2020-10-31T13:18:31.013Z
-4824656319214372758 5892611217283842882 -5782098645921334649 16 258 0 2020-10-31T13:18:31.013Z
6609203573996882356 5892611217283842882 6678195848738323772 16 255 0 2020-10-31T13:18:31.013Z
-4264991355898058670 5892611217283842882 -6547832718755532747 16 252 0 2020-10-31T13:18:31.013Z
-2696784324272157350 5892611217283842882 6966327405068215217 16 249 0 2020-10-31T13:18:31.013Z
8266597866588220668 5892611217283842882 -3584865740706069093 16 246 0 2020-10-31T13:18:31.013Z
-5354772619918589469 5892611217283842882 -7696472572655713099 16 243 0 2020-10-31T13:18:31.013Z
4821780430623174355 5892611217283842882 -3769579486993262215 16 234 0 2020-10-31T13:18:31.013Z
8451896206478702093 5892611217283842882 7499018683789086014 16 228 0 2020-10-31T13:18:31.013Z
7503166180757081648 5892611217283842882 3776301845211505162 3 224 0 2020-10-31T13:18:31.013Z
7066132516758361820 8224822136661560002 -3073854885893789344 16 221 0 2020-10-31T13:18:31.013Z
9123612426299742629 8224822136661560002 4773273540998473025 7 218 0 2020-10-31T13:18:31.013Z
-6896288872777940828 8224822136661560002 311090448966529531 7 216 0 2020-10-31T13:18:31.013Z
5362726205040746187 8224822136661560002 1224527171584466180 16 214 0 2020-10-31T13:18:31.013Z
-2163180905214073610 -4754226401573933048 -1526780136552427481 3 208 0 2020-10-31T13:18:31.013Z
7517183699272469411 5892611217283842882 -7948752996595625270 3 225 0 2020-10-31T13:18:31.013Z
5899530393872765782 -186466404723610301 8224822136661560002 3 207 0 2020-10-31T13:18:31.013Z
-978911358107010749 583000127469437325 583000127469437325 3 205 0 2020-10-31T13:18:31.013Z
11119461136474545 583000127469437325 -186466404723610301 3 204 0 2020-10-31T13:18:31.013Z
5742256233292587472 583000127469437325 583000127469437325 3 115 0 2020-10-31T13:18:31.013Z
3851466399132160679 583000127469437325 -7858737199692790400 7 140 0 2020-10-31T13:18:31.013Z
6134592486881389721 583000127469437325 583000127469437325 3 139 0 2020-10-31T13:18:31.013Z
3255187855626041493 583000127469437325 -9032209603618341435 7 148 0 2020-10-31T13:18:31.013Z
-3805059909656071201 583000127469437325 583000127469437325 3 137 0 2020-10-31T13:18:31.013Z
3435015908186031532 583000127469437325 4132168723747606198 7 136 0 2020-10-31T13:18:31.013Z
-5959176857209500661 583000127469437325 583000127469437325 3 145 0 2020-10-31T13:18:31.013Z
-4468248524439005733 5892611217283842882 -2469698319111545713 16 297 0 2020-10-31T13:18:31.013Z
9003373919015614695 583000127469437325 2163871992462781370 7 134 0 2020-10-31T13:18:31.013Z
3466711326766698730 583000127469437325 1587583182377250656 7 158 0 2020-10-31T13:18:31.013Z
225917540838067212 583000127469437325 1334684858479548883 7 132 0 2020-10-31T13:18:31.013Z
6891590945362633128 5892611217283842882 2689075096528095744 16 279 0 2020-10-31T13:18:31.013Z
-8146028123640366479 583000127469437325 583000127469437325 3 131 0 2020-10-31T13:18:31.013Z
-8832323688728459711 583000127469437325 -7247532912707204162 7 192 0 2020-10-31T13:18:31.013Z
-5568006578915537301 583000127469437325 -3030007459765430410 7 130 0 2020-10-31T13:18:31.013Z
5532509081430561351 583000127469437325 -1730503747409361005 7 100 0 2020-10-31T13:18:31.013Z
3258124036735496616 1334684858479548883 583000127469437325 14 133 0 2020-10-31T13:18:31.013Z
-8058958522837669006 583000127469437325 -126178185140804353 7 126 0 2020-10-31T13:18:31.013Z
6645731056259865084 583000127469437325 583000127469437325 3 101 0 2020-10-31T13:18:31.013Z
-7996978080907506122 5892611217283842882 1702626890453787184 16 288 0 2020-10-31T13:18:31.013Z
1833313892087994673 583000127469437325 -6300009199701992127 7 124 0 2020-10-31T13:18:31.013Z
1330589329600610011 583000127469437325 583000127469437325 3 127 0 2020-10-31T13:18:31.013Z
5413709031225485541 583000127469437325 -2367084756761487476 7 166 0 2020-10-31T13:18:31.013Z
424697296459883013 583000127469437325 -9050430004208812427 7 172 0 2020-10-31T13:18:31.013Z
-448177177115172974 583000127469437325 -1466114073395095927 7 190 0 2020-10-31T13:18:31.013Z
-2417533888283022382 5892611217283842882 4327685390012634159 16 300 0 2020-10-31T13:18:31.013Z
-919458403052393933 583000127469437325 -7213601710747722217 7 138 0 2020-10-31T13:18:31.013Z
-8222969634851908638 583000127469437325 8743508234068820554 7 170 0 2020-10-31T13:18:31.013Z
-9132863546078262544 583000127469437325 7578623499642548099 7 120 0 2020-10-31T13:18:31.013Z
-1126993061640829979 583000127469437325 1539477111124913928 7 110 0 2020-10-31T13:18:31.013Z
2884914892935822696 583000127469437325 8297918242416253894 7 102 0 2020-10-31T13:18:31.013Z
7633232737323660107 5892611217283842882 -4469709253601151131 16 240 0 2020-10-31T13:18:31.013Z
-6325269323809716058 583000127469437325 583000127469437325 3 103 0 2020-10-31T13:18:31.013Z
1360709244593815859 583000127469437325 583000127469437325 3 125 0 2020-10-31T13:18:31.013Z
2842978930717408832 583000127469437325 -519197099893776443 7 202 0 2020-10-31T13:18:31.013Z
-5511543033388139648 5892611217283842882 1135249133023884885 16 237 0 2020-10-31T13:18:31.013Z
3369799058222738495 583000127469437325 583000127469437325 3 121 0 2020-10-31T13:18:31.013Z
7077435634092711052 583000127469437325 583000127469437325 3 105 0 2020-10-31T13:18:31.013Z
-8091491493083043159 583000127469437325 7611314867934499230 7 152 0 2020-10-31T13:18:31.013Z
5792418810789369922 583000127469437325 583000127469437325 3 153 0 2020-10-31T13:18:31.013Z
4851182394027635946 583000127469437325 2791055388772394399 7 122 0 2020-10-31T13:18:31.013Z
-8164612499126693911 583000127469437325 583000127469437325 3 193 0 2020-10-31T13:18:31.013Z
919247600320823155 583000127469437325 583000127469437325 3 107 0 2020-10-31T13:18:31.013Z
8882159542538374194 -2382773223512027494 7224484753471267301 7 98 0 2020-10-31T13:18:31.013Z
309364123559124376 583000127469437325 583000127469437325 3 119 0 2020-10-31T13:18:31.013Z
7884203102889714260 583000127469437325 -7893213926039961153 7 142 0 2020-10-31T13:18:31.013Z
7084301929940209837 583000127469437325 583000127469437325 3 129 0 2020-10-31T13:18:31.013Z
1173031222794085468 583000127469437325 7654092029166015375 7 118 0 2020-10-31T13:18:31.013Z
-978831655268349034 583000127469437325 583000127469437325 3 157 0 2020-10-31T13:18:31.013Z
211887998681897414 583000127469437325 583000127469437325 3 109 0 2020-10-31T13:18:31.013Z
-5739125515670807098 583000127469437325 583000127469437325 3 113 0 2020-10-31T13:18:31.013Z
-1536898630129966922 -2382773223512027494 7679146966016283282 7 96 0 2020-10-31T13:18:31.013Z
-6337855372881352525 583000127469437325 -5769331943454984174 7 174 0 2020-10-31T13:18:31.013Z
-280688847018081483 583000127469437325 583000127469437325 3 185 0 2020-10-31T13:18:31.013Z
4158437984839825072 -1616612744548739621 -2382773223512027494 3 95 0 2020-10-31T13:18:31.013Z
-8397005563292691311 5892611217283842882 5580813069983376447 3 226 0 2020-10-31T13:18:31.013Z
7406534562605171704 583000127469437325 583000127469437325 3 183 0 2020-10-31T13:18:31.013Z
86526946150507976 583000127469437325 3026129194365911213 7 128 0 2020-10-31T13:18:31.013Z
-9023100663837173710 5892611217283842882 -458970052185596701 16 291 0 2020-10-31T13:18:31.013Z
-1287606410704093283 583000127469437325 583000127469437325 3 123 0 2020-10-31T13:18:31.013Z
-955437977433263792 583000127469437325 583000127469437325 3 163 0 2020-10-31T13:18:31.013Z
-2569467259361027838 583000127469437325 583000127469437325 3 165 0 2020-10-31T13:18:31.013Z
-6550737605081238823 583000127469437325 8451678114973755589 7 104 0 2020-10-31T13:18:31.013Z
-1969945647668153163 5892611217283842882 -3688002834947700030 16 270 0 2020-10-31T13:18:31.013Z
2726035625388507133 8224822136661560002 5892611217283842882 3 223 0 2020-10-31T13:18:31.013Z
-3518567226415849000 583000127469437325 -554073776838610464 7 106 0 2020-10-31T13:18:31.013Z
6308345162629107466 583000127469437325 23378627171035467 7 168 0 2020-10-31T13:18:31.013Z
-1363976693315738905 583000127469437325 583000127469437325 3 117 0 2020-10-31T13:18:31.013Z
-6347966766914335881 583000127469437325 8870166810424911173 7 108 0 2020-10-31T13:18:31.013Z
-5944082247738252241 5892611217283842882 8625712848502825726 16 231 0 2020-10-31T13:18:31.013Z
2658538726590807379 -4137134347141111739 8583927282940569321 7 198 0 2020-10-31T13:18:31.013Z
-2204033628648139458 583000127469437325 409303451990679683 7 180 0 2020-10-31T13:18:31.013Z
-1905209985267145270 583000127469437325 583000127469437325 3 111 0 2020-10-31T13:18:31.013Z
6602088172788588622 583000127469437325 363292943354531223 7 188 0 2020-10-31T13:18:31.013Z
5633981983050770578 583000127469437325 6611007511391015396 7 114 0 2020-10-31T13:18:31.013Z
1428228751224301969 583000127469437325 3227350863031979972 7 116 0 2020-10-31T13:18:31.013Z
62556745692901490 583000127469437325 583000127469437325 3 135 0 2020-10-31T13:18:31.013Z
3310617783115040817 583000127469437325 583000127469437325 3 143 0 2020-10-31T13:18:31.013Z
-4035841159082587454 5892611217283842882 -1166428139686491075 16 276 0 2020-10-31T13:18:31.013Z
896226118404362852 583000127469437325 -8098780962870212966 7 150 0 2020-10-31T13:18:31.013Z
6998052279309877749 583000127469437325 6893129647270020188 7 144 0 2020-10-31T13:18:31.013Z
-886665214279421792 583000127469437325 3396928400150267868 7 146 0 2020-10-31T13:18:31.013Z
3746976682061913183 583000127469437325 583000127469437325 3 147 0 2020-10-31T13:18:31.013Z
-4064000599139316654 5892611217283842882 -1344313431795698747 16 294 0 2020-10-31T13:18:31.013Z
1568241083332780423 583000127469437325 583000127469437325 3 149 0 2020-10-31T13:18:31.013Z
-4549670778465886462 583000127469437325 -6629396824773957347 7 112 0 2020-10-31T13:18:31.013Z
905516833049991952 583000127469437325 5137232974391927105 7 176 0 2020-10-31T13:18:31.013Z
8419655341232658761 8224822136661560002 -3073854885893789344 16 210 0 2020-10-31T13:18:31.013Z
-3739840357548208975 583000127469437325 583000127469437325 3 151 0 2020-10-31T13:18:31.013Z
-6094970918810807787 583000127469437325 962904689403953009 7 154 0 2020-10-31T13:18:31.013Z
6275242548134896626 583000127469437325 583000127469437325 3 177 0 2020-10-31T13:18:31.013Z
-7556851764222870424 583000127469437325 583000127469437325 3 187 0 2020-10-31T13:18:31.013Z
-2591961297932115736 5892611217283842882 -658788502377949408 16 264 0 2020-10-31T13:18:31.013Z
-8308431775721774589 962904689403953009 583000127469437325 14 155 0 2020-10-31T13:18:31.013Z
-5562961923376826784 583000127469437325 7715781057092590632 7 156 0 2020-10-31T13:18:31.013Z
-2285678814632934932 583000127469437325 583000127469437325 3 159 0 2020-10-31T13:18:31.013Z
-7866028025056297236 583000127469437325 -8899712852821143429 7 164 0 2020-10-31T13:18:31.013Z
-5381762985047811564 583000127469437325 583000127469437325 3 161 0 2020-10-31T13:18:31.013Z
8697885998845333009 583000127469437325 -8056281295866110948 7 162 0 2020-10-31T13:18:31.013Z
-2073801750762098350 583000127469437325 583000127469437325 3 141 0 2020-10-31T13:18:31.013Z
-1361178512975130648 583000127469437325 583000127469437325 3 173 0 2020-10-31T13:18:31.013Z
8988997765994368539 583000127469437325 583000127469437325 3 175 0 2020-10-31T13:18:31.013Z
4754183503759559387 -2382773223512027494 583000127469437325 3 99 0 2020-10-31T13:18:31.013Z
-5534189775714057849 583000127469437325 -6665639605408206433 7 178 0 2020-10-31T13:18:31.013Z
-4636212798108125362 583000127469437325 5635496527712843355 7 182 0 2020-10-31T13:18:31.013Z
-8116565757874642450 583000127469437325 7274154617829036542 7 160 0 2020-10-31T13:18:31.013Z
-5663686933586904599 583000127469437325 -8565029527522705177 7 184 0 2020-10-31T13:18:31.013Z
-3204613352895379037 583000127469437325 5802395745079070090 7 186 0 2020-10-31T13:18:31.013Z
-3340026973884866231 583000127469437325 583000127469437325 3 191 0 2020-10-31T13:18:31.013Z
6044638730929047667 583000127469437325 -4137134347141111739 3 194 0 2020-10-31T13:18:31.013Z
-5649131084783647818 583000127469437325 583000127469437325 3 169 0 2020-10-31T13:18:31.013Z
-6185979161836823649 583000127469437325 3094148900032521317 7 195 0 2020-10-31T13:18:31.013Z
