97
-4754226401573933048 0
583000127469437325 1
-2382773223512027494 2
-7948752996595625270 3
-4137134347141111739 4
3776301845211505162 5
-1616612744548739621 6
-186466404723610301 7
8224822136661560002 8
5580813069983376447 9
-1876579090722272189 10
-1526780136552427481 11
5892611217283842882 12
311090448966529531 13
-519197099893776443 14
-7213601710747722217 15
1334684858479548883 16
-8098780962870212966 17
3026129194365911213 18
7578623499642548099 19
7654092029166015375 20
6611007511391015396 21
-7893213926039961153 22
-7858737199692790400 23
-7247532912707204162 24
7679146966016283282 25
-1730503747409361005 26
7224484753471267301 27
-126178185140804353 28
-3030007459765430410 29
7611314867934499230 30
4132168723747606198 31
-6300009199701992127 32
1587583182377250656 33
-5769331943454984174 34
2163871992462781370 35
-1466114073395095927 36
-554073776838610464 37
-9032209603618341435 38
8870166810424911173 39
-8565029527522705177 40
6893129647270020188 41
8583927282940569321 42
3094148900032521317 43
8451678114973755589 44
1539477111124913928 45
4773273540998473025 46
409303451990679683 47
2791055388772394399 48
8743508234068820554 49
3227350863031979972 50
-8899712852821143429 51
8297918242416253894 52
23378627171035467 53
-6665639605408206433 54
-6629396824773957347 55
3396928400150267868 56
7715781057092590632 57
962904689403953009 58
7274154617829036542 59
-8056281295866110948 60
-2367084756761487476 61
-9050430004208812427 62
5137232974391927105 63
5635496527712843355 64
5802395745079070090 65
363292943354531223 66
-7023990973549143488 67
-3180709075146280416 68
4327685390012634159 69
-1344313431795698747 70
-7889382127869431171 71
-6547832718755532747 72
-4469709253601151131 73
1135249133023884885 74
-3073854885893789344 75
7499018683789086014 76
1224527171584466180 77
8625712848502825726 78
-458970052185596701 79
-3584865740706069093 80
-3523907347753816897 81
-3769579486993262215 82
-7696472572655713099 83
6678195848738323772 84
-1381560126077466153 85
713178900737983560 86
6966327405068215217 87
1702626890453787184 88
-5782098645921334649 89
-3688002834947700030 90
-658788502377949408 91
4924087637581452652 92
-1244111190888116860 93
-1166428139686491075 94
-2469698319111545713 95
2689075096528095744 96