97
-4754226401573933048 1
583000127469437325 1
-2382773223512027494 1
-7948752996595625270 1
-4137134347141111739 1
3776301845211505162 1
-1616612744548739621 1
-186466404723610301 1
8224822136661560002 1
5580813069983376447 1
-1876579090722272189 1
-1526780136552427481 1
5892611217283842882 1
311090448966529531 2
-519197099893776443 2
-7213601710747722217 2
1334684858479548883 2
-8098780962870212966 2
3026129194365911213 2
7578623499642548099 2
7654092029166015375 2
6611007511391015396 2
-7893213926039961153 2
-7858737199692790400 2
-7247532912707204162 2
7679146966016283282 2
-1730503747409361005 2
7224484753471267301 2
-126178185140804353 2
-3030007459765430410 2
7611314867934499230 2
4132168723747606198 2
-6300009199701992127 2
1587583182377250656 2
-5769331943454984174 2
2163871992462781370 2
-1466114073395095927 2
-554073776838610464 2
-9032209603618341435 2
8870166810424911173 2
-8565029527522705177 2
6893129647270020188 2
8583927282940569321 2
3094148900032521317 2
8451678114973755589 2
1539477111124913928 2
4773273540998473025 2
409303451990679683 2
2791055388772394399 2
8743508234068820554 2
3227350863031979972 2
-8899712852821143429 2
8297918242416253894 2
23378627171035467 2
-6665639605408206433 2
-6629396824773957347 2
3396928400150267868 2
7715781057092590632 2
962904689403953009 2
7274154617829036542 2
-8056281295866110948 2
-2367084756761487476 2
-9050430004208812427 2
5137232974391927105 2
5635496527712843355 2
5802395745079070090 2
363292943354531223 2
-7023990973549143488 3
-3180709075146280416 3
4327685390012634159 3
-1344313431795698747 3
-7889382127869431171 3
-6547832718755532747 3
-4469709253601151131 3
1135249133023884885 3
-3073854885893789344 3
7499018683789086014 3
1224527171584466180 3
8625712848502825726 3
-458970052185596701 3
-3584865740706069093 3
-3523907347753816897 3
-3769579486993262215 3
-7696472572655713099 3
6678195848738323772 3
-1381560126077466153 3
713178900737983560 3
6966327405068215217 3
1702626890453787184 3
-5782098645921334649 3
-3688002834947700030 3
-658788502377949408 3
4924087637581452652 3
-1244111190888116860 3
-1166428139686491075 3
-2469698319111545713 3
2689075096528095744 3
