138
12 67 16
12 68 16
12 86 16
12 81 16
12 93 16
12 92 16
12 85 16
12 71 16
12 89 16
12 84 16
12 72 16
12 87 16
12 80 16
12 83 16
12 82 16
12 76 16
12 5 3
8 75 16
8 46 7
8 13 7
8 77 16
0 11 3
12 3 3
7 8 3
1 1 3
1 7 3
1 1 3
1 23 7
1 1 3
1 38 7
1 1 3
1 31 7
1 1 3
12 95 16
1 35 7
1 33 7
1 16 7
12 96 16
1 1 3
1 24 7
1 29 7
1 26 7
16 1 14
1 28 7
1 1 3
12 88 16
1 32 7
1 1 3
1 61 7
1 62 7
1 36 7
12 69 16
1 15 7
1 49 7
1 19 7
1 45 7
1 52 7
12 73 16
1 1 3
1 1 3
1 14 7
12 74 16
1 1 3
1 1 3
1 30 7
1 1 3
1 48 7
1 1 3
1 1 3
2 27 7
1 1 3
1 22 7
1 1 3
1 20 7
1 1 3
1 1 3
1 1 3
2 25 7
1 34 7
1 1 3
6 2 3
12 9 3
1 1 3
1 18 7
12 79 16
1 1 3
1 1 3
1 1 3
1 44 7
12 90 16
8 12 3
1 37 7
1 53 7
1 1 3
1 39 7
12 78 16
4 42 7
1 47 7
1 1 3
1 66 7
1 21 7
1 50 7
1 1 3
1 1 3
12 94 16
1 17 7
1 41 7
1 56 7
1 1 3
12 70 16
1 1 3
1 55 7
1 63 7
8 75 16
1 1 3
1 58 7
1 1 3
1 1 3
12 91 16
58 1 14
1 57 7
1 1 3
1 51 7
1 1 3
1 60 7
1 1 3
1 1 3
1 1 3
2 1 3
1 54 7
1 64 7
1 59 7
1 40 7
1 65 7
1 1 3
1 4 3
1 1 3
1 43 7