94
8047266718149275709 -5230712618925603414 -9030891882121120909 3 91 0 2020-10-31T13:18:31.013Z
4421734137686019147 -5230712618925603414 -5230712618925603414 3 90 0 2020-10-31T13:18:31.013Z
-4442906821217604523 -5230712618925603414 -534916023917965384 7 89 0 2020-10-31T13:18:31.013Z
2437502399938760636 -5230712618925603414 -5230712618925603414 3 86 0 2020-10-31T13:18:31.013Z
-3890194603822100666 -5230712618925603414 -5230712618925603414 3 82 0 2020-10-31T13:18:31.013Z
-1777894450337473508 -5230712618925603414 -5230712618925603414 3 78 0 2020-10-31T13:18:31.013Z
4264813870544391740 -5230712618925603414 -5230712618925603414 3 76 0 2020-10-31T13:18:31.013Z
-2403627699655838551 -5230712618925603414 -5230712618925603414 3 74 0 2020-10-31T13:18:31.013Z
-8610061958573308714 -5230712618925603414 -5230712618925603414 3 88 0 2020-10-31T13:18:31.013Z
-2788855807019759646 -5230712618925603414 -2783410894318449489 7 71 0 2020-10-31T13:18:31.013Z
-1810907242653406830 -5230712618925603414 7231725348474740549 7 67 0 2020-10-31T13:18:31.013Z
-4345145949892730871 -5230712618925603414 -5230712618925603414 3 68 0 2020-10-31T13:18:31.013Z
-8951300604476238695 -5230712618925603414 -5230712618925603414 3 66 0 2020-10-31T13:18:31.013Z
5422353630359421973 -5230712618925603414 -5679852486985335260 7 65 0 2020-10-31T13:18:31.013Z
-7973180889643279080 -5230712618925603414 -771483672095891313 7 75 0 2020-10-31T13:18:31.013Z
7339578307531145043 -5230712618925603414 -5230712618925603414 3 64 0 2020-10-31T13:18:31.013Z
4130970200946278021 -5230712618925603414 -748918520026659244 7 69 0 2020-10-31T13:18:31.013Z
-395185644741597659 -5230712618925603414 -5230712618925603414 3 62 0 2020-10-31T13:18:31.013Z
4646199498656892327 -5230712618925603414 -5230712618925603414 3 60 0 2020-10-31T13:18:31.013Z
-2491185484256475267 -5230712618925603414 -1953513263884649990 7 55 0 2020-10-31T13:18:31.013Z
-7498762188039429664 -5230712618925603414 -5230712618925603414 3 54 0 2020-10-31T13:18:31.013Z
-1399581188469668959 -5230712618925603414 -5230712618925603414 3 52 0 2020-10-31T13:18:31.013Z
983269061671545294 -5230712618925603414 -5230712618925603414 3 56 0 2020-10-31T13:18:31.013Z
-7535936566336178304 -5230712618925603414 3341721028872681098 7 51 0 2020-10-31T13:18:31.013Z
-8571406558629419478 -5230712618925603414 -4741828807317675422 7 94 0 2020-10-31T13:18:31.013Z
7918747386171668784 -5230712618925603414 -5230712618925603414 3 80 0 2020-10-31T13:18:31.013Z
-5024379603325124431 -5230712618925603414 -8831876165731928408 7 57 0 2020-10-31T13:18:31.013Z
-7663384978506461925 -5230712618925603414 -5230712618925603414 3 50 0 2020-10-31T13:18:31.013Z
6210399409177285157 -5230712618925603414 -5230712618925603414 3 48 0 2020-10-31T13:18:31.013Z
986207401222144428 -5230712618925603414 -6803579770464401333 7 47 0 2020-10-31T13:18:31.013Z
-9118998010357861432 -5230712618925603414 -5230712618925603414 3 84 0 2020-10-31T13:18:31.013Z
-326654807142077145 -5230712618925603414 -5230712618925603414 3 22 0 2020-10-31T13:18:31.013Z
-750542030959683130 -5230712618925603414 -5230712618925603414 3 28 0 2020-10-31T13:18:31.013Z
-3823677748749172230 -5230712618925603414 -3471230366490247443 7 53 0 2020-10-31T13:18:31.013Z
-5704702763517031173 -5230712618925603414 2020355332500008396 7 21 0 2020-10-31T13:18:31.013Z
-2907480073626275548 -5230712618925603414 -7586389104166118008 7 15 0 2020-10-31T13:18:31.013Z
8688076640121575580 -5230712618925603414 1899646679042355654 7 17 0 2020-10-31T13:18:31.013Z
-7920379490220337545 -5230712618925603414 -5230712618925603414 3 18 0 2020-10-31T13:18:31.013Z
6675274462325345603 -5230712618925603414 -5230712618925603414 3 16 0 2020-10-31T13:18:31.013Z
2214551913236549239 -5230712618925603414 -5230712618925603414 3 26 0 2020-10-31T13:18:31.013Z
4354912268250928764 -5230712618925603414 -5568487227872489531 7 11 0 2020-10-31T13:18:31.013Z
-6821346408484944966 -5230712618925603414 6281088191278819618 7 83 0 2020-10-31T13:18:31.013Z
8247557796596353691 -5230712618925603414 -5230712618925603414 3 58 0 2020-10-31T13:18:31.013Z
6231845924612865219 -5230712618925603414 -5230712618925603414 3 10 0 2020-10-31T13:18:31.013Z
-4854774914255519691 -5230712618925603414 358417505832810297 7 43 0 2020-10-31T13:18:31.013Z
-3185009004059687607 -5230712618925603414 6372816738328468104 7 39 0 2020-10-31T13:18:31.013Z
1001219682843696577 -5230712618925603414 -4757800846932610254 7 77 0 2020-10-31T13:18:31.013Z
-7728696924362659105 -5230712618925603414 -4216259928394101014 7 3 0 2020-10-31T13:18:31.013Z
-1551860168680597896 -5230712618925603414 -4363534274070055809 7 85 0 2020-10-31T13:18:31.013Z
-1848787488725764654 -5230712618925603414 -7817319364082995669 7 41 0 2020-10-31T13:18:31.013Z
-6608338196200820757 -5230712618925603414 -6101067875370750050 7 7 0 2020-10-31T13:18:31.013Z
-5691091291047710764 -5230712618925603414 3246885486240393466 7 45 0 2020-10-31T13:18:31.013Z
1182610129167838326 -5230712618925603414 608574164766393951 7 5 0 2020-10-31T13:18:31.013Z
-1167504486883097018 -5230712618925603414 2498063656084554170 7 61 0 2020-10-31T13:18:31.013Z
-8808686056853111807 -5230712618925603414 -5230712618925603414 3 20 0 2020-10-31T13:18:31.013Z
-1634687903803455278 -5230712618925603414 -5230712618925603414 3 12 0 2020-10-31T13:18:31.013Z
8494101006558040793 -5230712618925603414 -9188862463128671122 7 92 0 2020-10-31T13:18:31.013Z
7207081494286808454 -5230712618925603414 -4272743986581486038 7 63 0 2020-10-31T13:18:31.013Z
8081198767211711882 -5230712618925603414 -7446329425714248903 7 29 0 2020-10-31T13:18:31.013Z
6667188597045740632 -5230712618925603414 -1710922865317330879 7 31 0 2020-10-31T13:18:31.013Z
4047927315990866698 -5230712618925603414 -5911778006250222962 7 13 0 2020-10-31T13:18:31.013Z
-5285493290186835466 -5230712618925603414 -5230712618925603414 3 6 0 2020-10-31T13:18:31.013Z
3269216144193319823 -5230712618925603414 9154193054747815895 7 37 0 2020-10-31T13:18:31.013Z
7305275859386059066 -5230712618925603414 9205925740516531869 7 73 0 2020-10-31T13:18:31.013Z
-1386397438778797028 -5230712618925603414 -5230712618925603414 3 4 0 2020-10-31T13:18:31.013Z
7897950117631723012 -5230712618925603414 4331570019043629339 7 9 0 2020-10-31T13:18:31.013Z
4865067962742437793 -5230712618925603414 -5230712618925603414 3 70 0 2020-10-31T13:18:31.013Z
-6047553528576975462 -5230712618925603414 6977851711196583676 7 23 0 2020-10-31T13:18:31.013Z
4128211323265240110 -5230712618925603414 -5230712618925603414 3 24 0 2020-10-31T13:18:31.013Z
-6628888055328870558 -5230712618925603414 5885709452182366729 7 25 0 2020-10-31T13:18:31.013Z
5345011515049964144 -5230712618925603414 -5230712618925603414 3 14 0 2020-10-31T13:18:31.013Z
-8744797866725187876 -7984991776033777218 -1730503747409361005 7 1 0 2020-10-31T13:18:31.013Z
-7946066883215100868 -5230712618925603414 -4639701377338618094 7 27 0 2020-10-31T13:18:31.013Z
6991303186640125976 -5230712618925603414 -1685809655283084517 7 79 0 2020-10-31T13:18:31.013Z
-4785391068360995676 -5230712618925603414 -5230712618925603414 3 46 0 2020-10-31T13:18:31.013Z
7945905423639134453 -5230712618925603414 -5230712618925603414 3 30 0 2020-10-31T13:18:31.013Z
-5824711914582418556 -5230712618925603414 5860372386314805530 7 87 0 2020-10-31T13:18:31.013Z
5631112203110146671 -5230712618925603414 -3722739491951416592 7 81 0 2020-10-31T13:18:31.013Z
-6212126225882005680 -5230712618925603414 -5230712618925603414 3 32 0 2020-10-31T13:18:31.013Z
3155904753757313214 -5230712618925603414 4459832271255849925 7 33 0 2020-10-31T13:18:31.013Z
3735352267726518044 -5230712618925603414 -5230712618925603414 3 34 0 2020-10-31T13:18:31.013Z
-8548765183438092554 -5230712618925603414 -5230712618925603414 3 36 0 2020-10-31T13:18:31.013Z
3769702182239291701 -5230712618925603414 1780873962231926049 7 49 0 2020-10-31T13:18:31.013Z
-7799405789983025966 -5230712618925603414 -5230712618925603414 3 8 0 2020-10-31T13:18:31.013Z
8875852687519850418 -5230712618925603414 -5230712618925603414 3 38 0 2020-10-31T13:18:31.013Z
3012802013921974282 -5230712618925603414 5919515575080464185 7 59 0 2020-10-31T13:18:31.013Z
-6323536086550665611 -7984991776033777218 -5230712618925603414 3 2 0 2020-10-31T13:18:31.013Z
-4360880605081376258 -5230712618925603414 -5230712618925603414 3 40 0 2020-10-31T13:18:31.013Z
-4809423141299428496 -8964952486573412780 -7984991776033777218 3 0 0 2020-10-31T13:18:31.013Z
516847385445431619 -5230712618925603414 1592226955946754744 7 35 0 2020-10-31T13:18:31.013Z
-4278482737177491932 -5230712618925603414 4607765556651901068 7 19 0 2020-10-31T13:18:31.013Z
6440555271795605812 -5230712618925603414 -5230712618925603414 3 42 0 2020-10-31T13:18:31.013Z
-1837134198071533782 -5230712618925603414 -5230712618925603414 3 72 0 2020-10-31T13:18:31.013Z
6352382447482175251 -5230712618925603414 -5230712618925603414 3 44 0 2020-10-31T13:18:31.013Z
