51
-9030891882121120909 0
-5230712618925603414 1
-8964952486573412780 2
-7984991776033777218 3
-4741828807317675422 4
5860372386314805530 5
-3722739491951416592 6
6281088191278819618 7
-4757800846932610254 8
-771483672095891313 9
-748918520026659244 10
7231725348474740549 11
-5679852486985335260 12
-4272743986581486038 13
2498063656084554170 14
-8831876165731928408 15
-1953513263884649990 16
1780873962231926049 17
-6803579770464401333 18
4607765556651901068 19
-5911778006250222962 20
6372816738328468104 21
-1685809655283084517 22
-2783410894318449489 23
3341721028872681098 24
-4216259928394101014 25
-7586389104166118008 26
-9188862463128671122 27
-1730503747409361005 28
5919515575080464185 29
-7817319364082995669 30
1899646679042355654 31
9205925740516531869 32
608574164766393951 33
-5568487227872489531 34
6977851711196583676 35
-6101067875370750050 36
5885709452182366729 37
4331570019043629339 38
-534916023917965384 39
1592226955946754744 40
-3471230366490247443 41
358417505832810297 42
-4639701377338618094 43
-7446329425714248903 44
-1710922865317330879 45
-4363534274070055809 46
2020355332500008396 47
4459832271255849925 48
9154193054747815895 49
3246885486240393466 50