51
-9030891882121120909 1
-5230712618925603414 1
-8964952486573412780 1
-7984991776033777218 1
-4741828807317675422 2
5860372386314805530 2
-3722739491951416592 2
6281088191278819618 2
-4757800846932610254 2
-771483672095891313 2
-748918520026659244 2
7231725348474740549 2
-5679852486985335260 2
-4272743986581486038 2
2498063656084554170 2
-8831876165731928408 2
-1953513263884649990 2
1780873962231926049 2
-6803579770464401333 2
4607765556651901068 2
-5911778006250222962 2
6372816738328468104 2
-1685809655283084517 2
-2783410894318449489 2
3341721028872681098 2
-4216259928394101014 2
-7586389104166118008 2
-9188862463128671122 2
-1730503747409361005 2
5919515575080464185 2
-7817319364082995669 2
1899646679042355654 2
9205925740516531869 2
608574164766393951 2
-5568487227872489531 2
6977851711196583676 2
-6101067875370750050 2
5885709452182366729 2
4331570019043629339 2
-534916023917965384 2
1592226955946754744 2
-3471230366490247443 2
358417505832810297 2
-4639701377338618094 2
-7446329425714248903 2
-1710922865317330879 2
-4363534274070055809 2
2020355332500008396 2
4459832271255849925 2
9154193054747815895 2
3246885486240393466 2
