88
-7377319149087983437 8988384386520244962 500585512766024302 7 314 0 2020-10-31T13:18:31.013Z
7611877858363663054 1487314883141566174 2289155095778825534 7 306 0 2020-10-31T13:18:31.013Z
-5383643250716890850 1487314883141566174 500585512766024302 7 302 0 2020-10-31T13:18:31.013Z
-5066911965466245195 -8126461101687513147 2289155095778825534 7 292 0 2020-10-31T13:18:31.013Z
5682600657882923735 -8126461101687513147 500585512766024302 7 287 0 2020-10-31T13:18:31.013Z
-1307525754927054631 344958562774332166 500585512766024302 7 275 0 2020-10-31T13:18:31.013Z
62695500938191126 -8126461101687513147 483680971841074108 7 289 0 2020-10-31T13:18:31.013Z
7139872224719746482 5033116891929222138 8034540774041176609 7 267 0 2020-10-31T13:18:31.013Z
4281864428302560005 5033116891929222138 2289155095778825534 7 262 0 2020-10-31T13:18:31.013Z
667979151403592630 5033116891929222138 -3763989985252189070 7 259 0 2020-10-31T13:18:31.013Z
6544484151654265627 5033116891929222138 1631280023890361751 7 256 0 2020-10-31T13:18:31.013Z
8059805133593540246 8441307427729061985 5033116891929222138 3 253 0 2020-10-31T13:18:31.013Z
-1695589721706671666 -2743175094343942065 8441307427729061985 14 252 0 2020-10-31T13:18:31.013Z
-5528326091297147014 5033116891929222138 5318231889744565707 7 264 0 2020-10-31T13:18:31.013Z
6815203435155840507 8441307427729061985 -4037791423148318219 7 251 0 2020-10-31T13:18:31.013Z
5352000378446037514 8441307427729061985 -8214802792625939660 7 241 0 2020-10-31T13:18:31.013Z
-3737499731476993471 8441307427729061985 7840157987653184527 7 235 0 2020-10-31T13:18:31.013Z
9128695349848147642 -2926660865646314167 8441307427729061985 14 250 0 2020-10-31T13:18:31.013Z
-2182600884179266659 8441307427729061985 -9154029777769916605 7 243 0 2020-10-31T13:18:31.013Z
6771976896666955413 8441307427729061985 2689787825043881354 7 231 0 2020-10-31T13:18:31.013Z
-2749161171444781379 8441307427729061985 2261958330747111230 7 229 0 2020-10-31T13:18:31.013Z
7292796479350945971 8441307427729061985 2617133679453431274 7 227 0 2020-10-31T13:18:31.013Z
5562893363906391823 8988384386520244962 2289155095778825534 7 318 0 2020-10-31T13:18:31.013Z
1022118883851989218 -2309244679397918979 8441307427729061985 14 190 0 2020-10-31T13:18:31.013Z
-7406790481019083686 8441307427729061985 -2309244679397918979 7 189 0 2020-10-31T13:18:31.013Z
6069592588729309931 8441307427729061985 -5655330098464228337 7 179 0 2020-10-31T13:18:31.013Z
-620708186230196445 8441307427729061985 7706995888831316656 7 219 0 2020-10-31T13:18:31.013Z
1234204402896301577 8441307427729061985 1024525893209186036 7 171 0 2020-10-31T13:18:31.013Z
-4210607074382148699 8441307427729061985 5488781117930562425 7 221 0 2020-10-31T13:18:31.013Z
4236175532837247478 8592683532352502695 8441307427729061985 14 236 0 2020-10-31T13:18:31.013Z
-3279852109326945283 8441307427729061985 511407233246124675 7 181 0 2020-10-31T13:18:31.013Z
833730567458359961 8441307427729061985 5688047026888917466 7 247 0 2020-10-31T13:18:31.013Z
-6440373759655174452 8441307427729061985 1571287875155298300 7 183 0 2020-10-31T13:18:31.013Z
-84333979381429777 8441307427729061985 -5326171429229804691 7 177 0 2020-10-31T13:18:31.013Z
1060749573264783200 8441307427729061985 4045422170507469845 7 175 0 2020-10-31T13:18:31.013Z
4314108044531201441 8441307427729061985 -2926660865646314167 7 249 0 2020-10-31T13:18:31.013Z
5824335542221952823 8441307427729061985 -2743175094343942065 7 187 0 2020-10-31T13:18:31.013Z
1246449482185447657 1024525893209186036 8441307427729061985 14 212 0 2020-10-31T13:18:31.013Z
-8305909426537964012 8441307427729061985 -3105386140923979791 7 161 0 2020-10-31T13:18:31.013Z
2492839548082811778 344958562774332166 -6656327959723811441 7 281 0 2020-10-31T13:18:31.013Z
1495238894229686563 344958562774332166 -7752658868772795716 7 277 0 2020-10-31T13:18:31.013Z
-5028629111447713162 8441307427729061985 8538576464901271527 7 217 0 2020-10-31T13:18:31.013Z
-6101655178044519076 5033116891929222138 500585512766024302 7 254 0 2020-10-31T13:18:31.013Z
-1790144449306930786 8441307427729061985 -7316251031437634713 7 155 0 2020-10-31T13:18:31.013Z
-1180605092751420009 962904689403953009 8441307427729061985 14 170 0 2020-10-31T13:18:31.013Z
-6046096093037085881 -4590171586280496678 8441307427729061985 14 206 0 2020-10-31T13:18:31.013Z
3813629023235356879 8441307427729061985 -358631571081541646 7 153 0 2020-10-31T13:18:31.013Z
3237637799721113193 4045422170507469845 8441307427729061985 14 176 0 2020-10-31T13:18:31.013Z
-3852251710048867658 1487314883141566174 6038473541109510313 7 304 0 2020-10-31T13:18:31.013Z
3354403701709689021 2068618868676031251 -7179749780655275235 7 296 0 2020-10-31T13:18:31.013Z
8698920482004080475 8441307427729061985 -707900371345831488 7 193 0 2020-10-31T13:18:31.013Z
-2563876651283697567 8441307427729061985 2208402522726151012 7 173 0 2020-10-31T13:18:31.013Z
8667762096892431682 -5655330098464228337 8441307427729061985 14 208 0 2020-10-31T13:18:31.013Z
1584275287380858678 8441307427729061985 -940075090474512476 7 165 0 2020-10-31T13:18:31.013Z
8688465897618100296 8441307427729061985 3431570442945338712 7 157 0 2020-10-31T13:18:31.013Z
4826707093167499152 8441307427729061985 -7048305307287542796 7 233 0 2020-10-31T13:18:31.013Z
392604187632167870 8441307427729061985 -8707247436007099417 7 225 0 2020-10-31T13:18:31.013Z
-1696320209295650372 -358631571081541646 8441307427729061985 14 194 0 2020-10-31T13:18:31.013Z
8025853088353967954 8441307427729061985 5276771402097133093 7 185 0 2020-10-31T13:18:31.013Z
-2018419661253449275 -940075090474512476 8441307427729061985 14 166 0 2020-10-31T13:18:31.013Z
-4536528424703761579 -5326171429229804691 8441307427729061985 14 246 0 2020-10-31T13:18:31.013Z
-1363315072575090321 8441307427729061985 3793607117168696168 7 213 0 2020-10-31T13:18:31.013Z
1795839217774874629 8441307427729061985 8575456051238126596 7 191 0 2020-10-31T13:18:31.013Z
-3612974480556617022 8988384386520244962 -1199986209659363696 7 316 0 2020-10-31T13:18:31.013Z
-2344083482565715605 5033116891929222138 -5066874431287342094 3 271 0 2020-10-31T13:18:31.013Z
4625195911733764685 8441307427729061985 -4016412076848448621 7 163 0 2020-10-31T13:18:31.013Z
6204308661511217862 8441307427729061985 2909169792395691447 7 209 0 2020-10-31T13:18:31.013Z
-1127637574136309420 2689787825043881354 8441307427729061985 14 234 0 2020-10-31T13:18:31.013Z
3140287744306668902 8441307427729061985 2323452226959463259 7 195 0 2020-10-31T13:18:31.013Z
-7257747322255328748 8441307427729061985 -8399730311999288147 7 197 0 2020-10-31T13:18:31.013Z
-1065939006163406921 3431570442945338712 8441307427729061985 14 198 0 2020-10-31T13:18:31.013Z
-3166264110472443955 8441307427729061985 -4590171586280496678 7 205 0 2020-10-31T13:18:31.013Z
-4978876292894586529 8441307427729061985 5105325521919579111 7 237 0 2020-10-31T13:18:31.013Z
-2228273205410308800 8441307427729061985 6042401895506315588 7 207 0 2020-10-31T13:18:31.013Z
5404473143185429224 8441307427729061985 6902507340899112829 7 239 0 2020-10-31T13:18:31.013Z
4562934518301657878 8441307427729061985 -7917522235566166811 7 199 0 2020-10-31T13:18:31.013Z
-5746073206229775145 8441307427729061985 -1694049010019036037 7 201 0 2020-10-31T13:18:31.013Z
1565811130991331536 8441307427729061985 5768174405947964958 7 203 0 2020-10-31T13:18:31.013Z
7356405621528532879 8441307427729061985 8592683532352502695 7 159 0 2020-10-31T13:18:31.013Z
-1483603844263310419 8441307427729061985 7654970272919787281 7 167 0 2020-10-31T13:18:31.013Z
-5251883008147679790 8441307427729061985 -6506460064442133742 7 211 0 2020-10-31T13:18:31.013Z
-5867491867463851087 8988384386520244962 -7517824657410646211 7 322 0 2020-10-31T13:18:31.013Z
-5298708987908143199 -9154029777769916605 8441307427729061985 14 244 0 2020-10-31T13:18:31.013Z
3143659664879155556 3793607117168696168 8441307427729061985 14 214 0 2020-10-31T13:18:31.013Z
2405777735287335212 8441307427729061985 962904689403953009 7 169 0 2020-10-31T13:18:31.013Z
917337228153053245 8441307427729061985 1127119655772326927 7 215 0 2020-10-31T13:18:31.013Z
2644757056528269540 8441307427729061985 8664928025133015564 7 245 0 2020-10-31T13:18:31.013Z
-1361116614804741106 8441307427729061985 1880159692679625563 7 223 0 2020-10-31T13:18:31.013Z
