82
1487314883141566174 0
3949212449088782196 1
-5066874431287342094 2
7765355963137956221 3
-6417693809056262196 4
5934801612261804871 5
-1895372388335133811 6
-8126461101687513147 7
-1163981158876802591 8
8988384386520244962 9
-8824170332984703265 10
2068618868676031251 11
5033116891929222138 12
8441307427729061985 13
7146601781909273930 14
344958562774332166 15
-5219257908436558009 16
-1036278385152372391 17
8279917199715665074 18
-7517824657410646211 19
-1199986209659363696 20
6038473541109510313 21
-6656327959723811441 22
-7752658868772795716 23
-7179749780655275235 24
8034540774041176609 25
2289155095778825534 26
-3763989985252189070 27
1631280023890361751 28
500585512766024302 29
-4037791423148318219 30
5688047026888917466 31
2323452226959463259 32
-1694049010019036037 33
-8214802792625939660 34
8575456051238126596 35
511407233246124675 36
6042401895506315588 37
-5655330098464228337 38
8664928025133015564 39
-5326171429229804691 40
4045422170507469845 41
-358631571081541646 42
-8399730311999288147 43
7840157987653184527 44
-7917522235566166811 45
-707900371345831488 46
8538576464901271527 47
1571287875155298300 48
-3105386140923979791 49
7654970272919787281 50
-9154029777769916605 51
5318231889744565707 52
8592683532352502695 53
-2926660865646314167 54
-2309244679397918979 55
3431570442945338712 56
1024525893209186036 57
5276771402097133093 58
2208402522726151012 59
-940075090474512476 60
5768174405947964958 61
-4590171586280496678 62
-4016412076848448621 63
2909169792395691447 64
-6506460064442133742 65
483680971841074108 66
2261958330747111230 67
1127119655772326927 68
5488781117930562425 69
-7316251031437634713 70
3793607117168696168 71
-8707247436007099417 72
962904689403953009 73
1880159692679625563 74
-2743175094343942065 75
5105325521919579111 76
2617133679453431274 77
2689787825043881354 78
-7048305307287542796 79
7706995888831316656 80
6902507340899112829 81