82
1487314883141566174 1
3949212449088782196 1
-5066874431287342094 1
7765355963137956221 1
-6417693809056262196 1
5934801612261804871 1
-1895372388335133811 1
-8126461101687513147 1
-1163981158876802591 1
8988384386520244962 1
-8824170332984703265 1
2068618868676031251 1
5033116891929222138 1
8441307427729061985 1
7146601781909273930 1
344958562774332166 1
-5219257908436558009 1
-1036278385152372391 1
8279917199715665074 1
-7517824657410646211 2
-1199986209659363696 2
6038473541109510313 2
-6656327959723811441 2
-7752658868772795716 2
-7179749780655275235 2
8034540774041176609 2
2289155095778825534 2
-3763989985252189070 2
1631280023890361751 2
500585512766024302 2
-4037791423148318219 2
5688047026888917466 2
2323452226959463259 2
-1694049010019036037 2
-8214802792625939660 2
8575456051238126596 2
511407233246124675 2
6042401895506315588 2
-5655330098464228337 2
8664928025133015564 2
-5326171429229804691 2
4045422170507469845 2
-358631571081541646 2
-8399730311999288147 2
7840157987653184527 2
-7917522235566166811 2
-707900371345831488 2
8538576464901271527 2
1571287875155298300 2
-3105386140923979791 2
7654970272919787281 2
-9154029777769916605 2
5318231889744565707 2
8592683532352502695 2
-2926660865646314167 2
-2309244679397918979 2
3431570442945338712 2
1024525893209186036 2
5276771402097133093 2
2208402522726151012 2
-940075090474512476 2
5768174405947964958 2
-4590171586280496678 2
-4016412076848448621 2
2909169792395691447 2
-6506460064442133742 2
483680971841074108 2
2261958330747111230 2
1127119655772326927 2
5488781117930562425 2
-7316251031437634713 2
3793607117168696168 2
-8707247436007099417 2
962904689403953009 2
1880159692679625563 2
-2743175094343942065 2
5105325521919579111 2
2617133679453431274 2
2689787825043881354 2
-7048305307287542796 2
7706995888831316656 2
6902507340899112829 2
