88
9 29 7
0 26 7
0 29 7
7 26 7
7 29 7
15 29 7
7 66 7
12 25 7
12 26 7
12 27 7
12 28 7
13 12 3
75 13 14
12 52 7
13 30 7
13 34 7
13 44 7
54 13 14
13 51 7
13 78 7
13 67 7
13 77 7
9 26 7
55 13 14
13 55 7
13 38 7
13 80 7
13 57 7
13 69 7
53 13 14
13 36 7
13 31 7
13 48 7
13 40 7
13 41 7
13 54 7
13 75 7
57 13 14
13 49 7
15 22 7
15 23 7
13 47 7
12 29 7
13 70 7
73 13 14
62 13 14
13 42 7
41 13 14
0 21 7
11 24 7
13 46 7
13 59 7
38 13 14
13 60 7
13 56 7
13 79 7
13 72 7
42 13 14
13 58 7
60 13 14
40 13 14
13 71 7
13 35 7
9 20 7
12 2 3
13 63 7
13 64 7
78 13 14
13 32 7
13 43 7
56 13 14
13 62 7
13 76 7
13 37 7
13 81 7
13 45 7
13 33 7
13 61 7
13 53 7
13 50 7
13 65 7
9 19 7
51 13 14
71 13 14
13 73 7
13 68 7
13 39 7
13 74 7