70
-3666099844010263266 3010205171714125741 3010205171714125741 3 94 0 2020-10-31T13:18:31.013Z
1378391965726134682 -2975986158103972530 3010205171714125741 3 93 0 2020-10-31T13:18:31.013Z
-4035244017860303730 -2975986158103972530 -174717277757027484 7 92 0 2020-10-31T13:18:31.013Z
-2707378349277502141 5336819771939737673 2035238680324163513 14 91 0 2020-10-31T13:18:31.013Z
-2795767433861602661 4205624391875137184 2035238680324163513 14 89 0 2020-10-31T13:18:31.013Z
-7061601109603188937 2035238680324163513 6868190886987276709 7 86 0 2020-10-31T13:18:31.013Z
-3902482328904432513 2035238680324163513 -4944173875500294713 7 84 0 2020-10-31T13:18:31.013Z
-7909198368408343130 5577538892647823156 2035238680324163513 14 83 0 2020-10-31T13:18:31.013Z
3824031677043393127 -6972646845868528670 2035238680324163513 14 79 0 2020-10-31T13:18:31.013Z
1369349850982920991 3010205171714125741 3695857323296266324 3 97 0 2020-10-31T13:18:31.013Z
7452911311517503470 2035238680324163513 3165486009743820898 7 78 0 2020-10-31T13:18:31.013Z
1964003984927438573 2035238680324163513 6890386968354594278 7 76 0 2020-10-31T13:18:31.013Z
-5246080142839194148 2035238680324163513 7927476602468721692 7 74 0 2020-10-31T13:18:31.013Z
-3786926482522824282 2035238680324163513 5374979080791212823 7 72 0 2020-10-31T13:18:31.013Z
-1492989086184617074 2035238680324163513 7498092279288240195 7 68 0 2020-10-31T13:18:31.013Z
-3143959877851484536 -4399784793295395368 2035238680324163513 14 35 0 2020-10-31T13:18:31.013Z
3923464690734339416 2035238680324163513 -4945617448497608429 7 42 0 2020-10-31T13:18:31.013Z
-5481549773499526031 2035238680324163513 5577538892647823156 7 82 0 2020-10-31T13:18:31.013Z
-2493654244351872872 3049245628432931229 2035238680324163513 14 81 0 2020-10-31T13:18:31.013Z
3931120974280669514 2035238680324163513 -2454892885140166343 7 52 0 2020-10-31T13:18:31.013Z
4759301807292607026 -2503590376904006411 2035238680324163513 14 31 0 2020-10-31T13:18:31.013Z
3115432697716768488 2035238680324163513 -6131898110744566805 7 88 0 2020-10-31T13:18:31.013Z
7635081399370833748 2035238680324163513 -2503590376904006411 7 30 0 2020-10-31T13:18:31.013Z
-4454064290790802711 2156523275847675306 2035238680324163513 14 29 0 2020-10-31T13:18:31.013Z
1312954527077029513 -5018655402938426813 2035238680324163513 14 75 0 2020-10-31T13:18:31.013Z
-3927038798631964186 2035238680324163513 4695700213058004365 7 10 0 2020-10-31T13:18:31.013Z
1520893012477502395 2035238680324163513 -5624820421663453412 7 26 0 2020-10-31T13:18:31.013Z
5632663414755622604 2035238680324163513 4772641855343380032 7 22 0 2020-10-31T13:18:31.013Z
31114799385685307 2035238680324163513 3554891087412779651 7 90 0 2020-10-31T13:18:31.013Z
5529736452840227636 2035238680324163513 -2510588030216535784 7 70 0 2020-10-31T13:18:31.013Z
-1851570029945765864 2035238680324163513 6804442166688657304 7 8 0 2020-10-31T13:18:31.013Z
-3152119188834586522 2035238680324163513 5336819771939737673 7 4 0 2020-10-31T13:18:31.013Z
-5660968058716133832 2035238680324163513 -4449743243455640118 7 20 0 2020-10-31T13:18:31.013Z
-8862077672029512988 2035238680324163513 -3786362010330676431 7 14 0 2020-10-31T13:18:31.013Z
-8501476717276837412 2035238680324163513 -5018655402938426813 7 40 0 2020-10-31T13:18:31.013Z
-5959092331467474181 2035238680324163513 -2956521778278367778 7 6 0 2020-10-31T13:18:31.013Z
-4732371781987648068 469330092667491253 2035238680324163513 14 13 0 2020-10-31T13:18:31.013Z
-6261256734760634514 2035238680324163513 5806730739520748195 7 16 0 2020-10-31T13:18:31.013Z
6917961048142686202 2035238680324163513 -6972646845868528670 7 34 0 2020-10-31T13:18:31.013Z
416887919577551733 2035238680324163513 -2907875895779431358 7 56 0 2020-10-31T13:18:31.013Z
8028414407253586471 1608806621831266974 2035238680324163513 14 65 0 2020-10-31T13:18:31.013Z
1612778617226233477 2035238680324163513 469330092667491253 7 2 0 2020-10-31T13:18:31.013Z
3009306981964569842 2035238680324163513 -3779245703808428533 7 24 0 2020-10-31T13:18:31.013Z
-8662375264729768276 2035238680324163513 885869836608404721 7 36 0 2020-10-31T13:18:31.013Z
-3100000027191870644 4695700213058004365 2035238680324163513 14 69 0 2020-10-31T13:18:31.013Z
3019875674960031921 2035238680324163513 8815311016034266439 7 46 0 2020-10-31T13:18:31.013Z
2180484890928102840 885869836608404721 2035238680324163513 14 37 0 2020-10-31T13:18:31.013Z
-1529157596392729601 2035238680324163513 -7296300120754750686 7 50 0 2020-10-31T13:18:31.013Z
5173014070227444639 2035238680324163513 3049245628432931229 7 38 0 2020-10-31T13:18:31.013Z
1893875861231620693 -4945617448497608429 2035238680324163513 14 43 0 2020-10-31T13:18:31.013Z
3960451837120287698 2035238680324163513 4205624391875137184 7 80 0 2020-10-31T13:18:31.013Z
-3699949306753278219 3290423760934885141 2035238680324163513 14 45 0 2020-10-31T13:18:31.013Z
-5040998989604393722 2035238680324163513 -7711141586051013107 7 54 0 2020-10-31T13:18:31.013Z
-8196570708157031110 2035238680324163513 2156523275847675306 7 28 0 2020-10-31T13:18:31.013Z
-1537521624015173162 1639268503569459464 2035238680324163513 14 33 0 2020-10-31T13:18:31.013Z
1264093945496503462 2035238680324163513 5168767064094682656 7 48 0 2020-10-31T13:18:31.013Z
-2335949364916575410 2035238680324163513 8336341963951988906 7 58 0 2020-10-31T13:18:31.013Z
-3746026498980194530 2035238680324163513 3290423760934885141 7 44 0 2020-10-31T13:18:31.013Z
2364689321611970887 2035238680324163513 1608806621831266974 7 64 0 2020-10-31T13:18:31.013Z
-7212057499095015707 -2956521778278367778 2035238680324163513 14 51 0 2020-10-31T13:18:31.013Z
-6884221666543967553 -3779245703808428533 2035238680324163513 14 53 0 2020-10-31T13:18:31.013Z
965772615792367404 2035238680324163513 7706995888831316656 7 0 0 2020-10-31T13:18:31.013Z
3841693687107367494 2035238680324163513 5672457050781853629 7 12 0 2020-10-31T13:18:31.013Z
7941992134109507765 -7711141586051013107 2035238680324163513 14 55 0 2020-10-31T13:18:31.013Z
-5723816107335108438 2035238680324163513 5730711817006092193 7 60 0 2020-10-31T13:18:31.013Z
-2294079386544717295 2035238680324163513 7152010050593362759 7 62 0 2020-10-31T13:18:31.013Z
-1875763872663781751 2035238680324163513 -2907151526984375262 7 66 0 2020-10-31T13:18:31.013Z
3649174616268369794 2035238680324163513 1639268503569459464 7 32 0 2020-10-31T13:18:31.013Z
-5654535407249859085 2035238680324163513 -4399784793295395368 7 18 0 2020-10-31T13:18:31.013Z
7265121618030980636 8815311016034266439 2035238680324163513 14 67 0 2020-10-31T13:18:31.013Z
