51
3695857323296266324 0
3010205171714125741 1
-2975986158103972530 2
2035238680324163513 3
6868190886987276709 4
4205624391875137184 5
6890386968354594278 6
-4944173875500294713 7
5374979080791212823 8
7498092279288240195 9
-2907151526984375262 10
1608806621831266974 11
7152010050593362759 12
3554891087412779651 13
8336341963951988906 14
5577538892647823156 15
-2510588030216535784 16
-2907875895779431358 17
-7711141586051013107 18
-2454892885140166343 19
-7296300120754750686 20
3165486009743820898 21
5168767064094682656 22
7927476602468721692 23
-4449743243455640118 24
4695700213058004365 25
-4399784793295395368 26
5336819771939737673 27
-2956521778278367778 28
4772641855343380032 29
5806730739520748195 30
7706995888831316656 31
-174717277757027484 32
6804442166688657304 33
3290423760934885141 34
5730711817006092193 35
5672457050781853629 36
-4945617448497608429 37
469330092667491253 38
8815311016034266439 39
-3779245703808428533 40
-3786362010330676431 41
1639268503569459464 42
3049245628432931229 43
-5624820421663453412 44
2156523275847675306 45
-2503590376904006411 46
-6131898110744566805 47
-6972646845868528670 48
885869836608404721 49
-5018655402938426813 50