51
3695857323296266324 1
3010205171714125741 1
-2975986158103972530 1
2035238680324163513 1
6868190886987276709 2
4205624391875137184 2
6890386968354594278 2
-4944173875500294713 2
5374979080791212823 2
7498092279288240195 2
-2907151526984375262 2
1608806621831266974 2
7152010050593362759 2
3554891087412779651 2
8336341963951988906 2
5577538892647823156 2
-2510588030216535784 2
-2907875895779431358 2
-7711141586051013107 2
-2454892885140166343 2
-7296300120754750686 2
3165486009743820898 2
5168767064094682656 2
7927476602468721692 2
-4449743243455640118 2
4695700213058004365 2
-4399784793295395368 2
5336819771939737673 2
-2956521778278367778 2
4772641855343380032 2
5806730739520748195 2
7706995888831316656 2
-174717277757027484 2
6804442166688657304 2
3290423760934885141 2
5730711817006092193 2
5672457050781853629 2
-4945617448497608429 2
469330092667491253 2
8815311016034266439 2
-3779245703808428533 2
-3786362010330676431 2
1639268503569459464 2
3049245628432931229 2
-5624820421663453412 2
2156523275847675306 2
-2503590376904006411 2
-6131898110744566805 2
-6972646845868528670 2
885869836608404721 2
-5018655402938426813 2
