70
1 1 3
2 1 3
2 32 7
27 3 14
5 3 14
3 4 7
3 7 7
15 3 14
48 3 14
1 0 3
3 21 7
3 6 7
3 23 7
3 8 7
3 9 7
26 3 14
3 37 7
3 15 7
43 3 14
3 19 7
46 3 14
3 47 7
3 46 7
45 3 14
50 3 14
3 25 7
3 44 7
3 29 7
3 13 7
3 16 7
3 33 7
3 27 7
3 24 7
3 41 7
3 50 7
3 28 7
38 3 14
3 30 7
3 48 7
3 17 7
11 3 14
3 38 7
3 40 7
3 49 7
25 3 14
3 39 7
49 3 14
3 20 7
3 43 7
37 3 14
3 5 7
34 3 14
3 18 7
3 45 7
42 3 14
3 22 7
3 14 7
3 34 7
3 11 7
28 3 14
40 3 14
3 31 7
3 36 7
18 3 14
3 35 7
3 12 7
3 10 7
3 42 7
3 26 7
39 3 14