72
126474349257694509 1085081057500546091 4925212482745864060 7 121 0 2020-10-31T13:18:31.013Z
2843748384966462398 1085081057500546091 2694044209419385905 7 119 0 2020-10-31T13:18:31.013Z
-6073737917941107403 1085081057500546091 -3717709318484422177 7 117 0 2020-10-31T13:18:31.013Z
-6168392259442868067 1085081057500546091 1045691185749475663 7 111 0 2020-10-31T13:18:31.013Z
-2950351792893772433 1085081057500546091 -3469973073291189077 3 106 0 2020-10-31T13:18:31.013Z
-5810471429912822203 -5217195513446307368 -6118305858949935607 14 101 0 2020-10-31T13:18:31.013Z
3504655775988088633 -6118305858949935607 409303451990679683 7 102 0 2020-10-31T13:18:31.013Z
7606660267631859964 -6118305858949935607 -8717476712604317245 16 98 0 2020-10-31T13:18:31.013Z
3114879201396283294 -6118305858949935607 -8717476712604317245 16 95 0 2020-10-31T13:18:31.013Z
4423904919501609355 -5322495209236019822 -6118305858949935607 14 93 0 2020-10-31T13:18:31.013Z
7829177415706823720 -6118305858949935607 6451817521796108330 7 92 0 2020-10-31T13:18:31.013Z
-9087867272475075304 7681303402005940281 -6118305858949935607 14 91 0 2020-10-31T13:18:31.013Z
-8838424545605413783 1085081057500546091 -2009096834668139840 7 115 0 2020-10-31T13:18:31.013Z
2429483040554352855 -6118305858949935607 -4778945702310081050 7 90 0 2020-10-31T13:18:31.013Z
712575440388582619 -7532660603132708097 -6118305858949935607 14 89 0 2020-10-31T13:18:31.013Z
-4455940792923638936 -6118305858949935607 -5197946001376109599 7 88 0 2020-10-31T13:18:31.013Z
-448032937383747570 1085081057500546091 -460445083913279918 7 107 0 2020-10-31T13:18:31.013Z
8087897245679518116 -6118305858949935607 7706995888831316656 7 84 0 2020-10-31T13:18:31.013Z
-7217252231777085031 2605761552152477778 -6118305858949935607 14 73 0 2020-10-31T13:18:31.013Z
722829082790268941 -6118305858949935607 -5322495209236019822 7 37 0 2020-10-31T13:18:31.013Z
1942869707397094508 -6118305858949935607 -1618959860166403594 7 23 0 2020-10-31T13:18:31.013Z
9021876868609444285 -6118305858949935607 5352370816054592579 7 19 0 2020-10-31T13:18:31.013Z
1895657016036604984 -6118305858949935607 -5217195513446307368 7 27 0 2020-10-31T13:18:31.013Z
-6536782898506718871 -6118305858949935607 -81907685003546764 7 11 0 2020-10-31T13:18:31.013Z
1709287252032923516 1085081057500546091 -8101234613412327663 7 109 0 2020-10-31T13:18:31.013Z
-1863701616947618637 8743508234068820554 -6118305858949935607 14 26 0 2020-10-31T13:18:31.013Z
6467257513446444377 -6118305858949935607 3793607117168696168 7 35 0 2020-10-31T13:18:31.013Z
7096640096405064902 -6118305858949935607 2605761552152477778 7 6 0 2020-10-31T13:18:31.013Z
-4679154287292212432 -6118305858949935607 5108316814632168851 7 31 0 2020-10-31T13:18:31.013Z
-1527558939211317492 -6118305858949935607 -189429100257596581 7 100 0 2020-10-31T13:18:31.013Z
3474343172093037150 -6118305858949935607 8743508234068820554 7 4 0 2020-10-31T13:18:31.013Z
-7316959691925113641 -6118305858949935607 1880159692679625563 7 33 0 2020-10-31T13:18:31.013Z
-2942425960501192011 -6118305858949935607 7877090138758595816 7 2 0 2020-10-31T13:18:31.013Z
-3347303621021196575 -6118305858949935607 1085081057500546091 3 8 0 2020-10-31T13:18:31.013Z
-1249337448866937243 -3913965917131110307 -6118305858949935607 14 75 0 2020-10-31T13:18:31.013Z
8362150727767230490 -6118305858949935607 -2470897096378415105 7 15 0 2020-10-31T13:18:31.013Z
-1336269470249281301 -6118305858949935607 5217813237952081433 7 39 0 2020-10-31T13:18:31.013Z
5547668067680997516 -6118305858949935607 8723205682627721497 7 29 0 2020-10-31T13:18:31.013Z
-8748791794955707262 -6118305858949935607 -8707247436007099417 7 21 0 2020-10-31T13:18:31.013Z
-6688228248869767684 -2547987517983182179 -6118305858949935607 14 18 0 2020-10-31T13:18:31.013Z
8552200862398857741 -6118305858949935607 -525689777062318565 7 45 0 2020-10-31T13:18:31.013Z
-4186700893086479534 -6118305858949935607 -5783162277650866020 7 58 0 2020-10-31T13:18:31.013Z
8589075887506079687 -6118305858949935607 228855125974630200 7 72 0 2020-10-31T13:18:31.013Z
7900696482723291038 -6118305858949935607 -3913965917131110307 7 54 0 2020-10-31T13:18:31.013Z
-2064269857187689350 -6118305858949935607 -7774041772645548658 7 17 0 2020-10-31T13:18:31.013Z
-8152284293608605779 -6118305858949935607 8404152645330460346 7 41 0 2020-10-31T13:18:31.013Z
-8519777613781680274 3330309775169885856 3330309775169885856 3 105 0 2020-10-31T13:18:31.013Z
4113867633292992354 -6118305858949935607 -7532660603132708097 7 47 0 2020-10-31T13:18:31.013Z
-7554369757817483674 -6118305858949935607 -4447157651014628689 7 76 0 2020-10-31T13:18:31.013Z
-259717814009125734 -6118305858949935607 7569446645832430615 7 25 0 2020-10-31T13:18:31.013Z
2817209699749232097 -6118305858949935607 5540577356167309650 7 43 0 2020-10-31T13:18:31.013Z
-8141779095059783438 -3469973073291189077 2840408166632495491 7 113 0 2020-10-31T13:18:31.013Z
-7537736012890809352 -6118305858949935607 -2547987517983182179 7 9 0 2020-10-31T13:18:31.013Z
-4629797221217792542 -6118305858949935607 -8717476712604317245 16 52 0 2020-10-31T13:18:31.013Z
6641015011896564988 3793607117168696168 -6118305858949935607 14 55 0 2020-10-31T13:18:31.013Z
-6856623604826920940 -6118305858949935607 6637897453211096457 7 68 0 2020-10-31T13:18:31.013Z
-5832339098591120821 -6118305858949935607 7580766189701801402 7 56 0 2020-10-31T13:18:31.013Z
-1618298050067259373 -3469973073291189077 5583389026549401885 7 123 0 2020-10-31T13:18:31.013Z
-4249352644420652139 1085081057500546091 3330309775169885856 3 104 0 2020-10-31T13:18:31.013Z
1882260609307917935 -6118305858949935607 -4212081884244297760 7 0 0 2020-10-31T13:18:31.013Z
5833613877836774949 -6118305858949935607 -205041811303395681 7 60 0 2020-10-31T13:18:31.013Z
6187020873444451720 -6118305858949935607 1334684858479548883 7 62 0 2020-10-31T13:18:31.013Z
-8253337564404481916 -6118305858949935607 -8834068267453157911 7 70 0 2020-10-31T13:18:31.013Z
5835257596454407123 -6118305858949935607 962904689403953009 7 64 0 2020-10-31T13:18:31.013Z
2079626396978090732 -6118305858949935607 3137820987792958048 7 66 0 2020-10-31T13:18:31.013Z
383787592693774188 -6118305858949935607 3585526350424440511 7 82 0 2020-10-31T13:18:31.013Z
5283737687012893894 -6118305858949935607 8554854489983257841 7 86 0 2020-10-31T13:18:31.013Z
1347442685812077451 -6118305858949935607 4894114078265013489 7 74 0 2020-10-31T13:18:31.013Z
-609191493691304127 -6118305858949935607 -2367084756761487476 7 78 0 2020-10-31T13:18:31.013Z
-5812019201527021952 -6118305858949935607 426713162468971345 7 13 0 2020-10-31T13:18:31.013Z
-6873001033330455812 -6118305858949935607 7139084340765006904 7 49 0 2020-10-31T13:18:31.013Z
-4482196313162491928 -6118305858949935607 7681303402005940281 7 80 0 2020-10-31T13:18:31.013Z
