99
1085081057500546091 0
2689584728707825576 1
-442055703624529411 2
4248992107858020308 3
-1251998688471996907 4
-826243519082053207 5
6077980243373983842 6
-6280607100221359988 7
-4374771076178254471 8
1158740198127345060 9
996092377027342141 10
595256785153032960 11
3240263583961572860 12
2592534229832394642 13
-1712245582399270207 14
5577516531178043162 15
-778893165346030884 16
-3469973073291189077 17
3268941686371663934 18
-6390466470479412362 19
8382047417699103472 20
-3723048507552747752 21
4944728352949920519 22
6713660229818288778 23
-7998448116820017966 24
2319677352076825694 25
6595807136594624933 26
4384309129990763096 27
1444235790677617594 28
218753533554751523 29
3330309775169885856 30
-8076154174379575510 31
-6118305858949935607 32
5626572171415944225 33
4846420341547296388 34
-1487976961720367294 35
-956335601360887140 36
-1482685779515056255 37
-5311308886992270674 38
5452696771650563256 39
6665599690112929129 40
8030075415079606828 41
5583389026549401885 42
2694044209419385905 43
-3717709318484422177 44
-2009096834668139840 45
2840408166632495491 46
1045691185749475663 47
-460445083913279918 48
5108316814632168851 49
5540577356167309650 50
7681303402005940281 51
-1618959860166403594 52
8404152645330460346 53
-8101234613412327663 54
-2547987517983182179 55
-5217195513446307368 56
8743508234068820554 57
-525689777062318565 58
7877090138758595816 59
2605761552152477778 60
8723205682627721497 61
5217813237952081433 62
-189429100257596581 63
-81907685003546764 64
426713162468971345 65
409303451990679683 66
-2470897096378415105 67
-4212081884244297760 68
5352370816054592579 69
-5322495209236019822 70
1880159692679625563 71
962904689403953009 72
7569446645832430615 73
3793607117168696168 74
-8707247436007099417 75
7139084340765006904 76
-3913965917131110307 77
-8834068267453157911 78
7580766189701801402 79
4925212482745864060 80
-5783162277650866020 81
-7774041772645548658 82
-205041811303395681 83
1334684858479548883 84
4894114078265013489 85
3137820987792958048 86
6637897453211096457 87
6451817521796108330 88
-4447157651014628689 89
228855125974630200 90
3585526350424440511 91
-2367084756761487476 92
7706995888831316656 93
8554854489983257841 94
-7532660603132708097 95
-5197946001376109599 96
-4778945702310081050 97
-8717476712604317245 98