99
1085081057500546091 1
2689584728707825576 1
-442055703624529411 1
4248992107858020308 1
-1251998688471996907 1
-826243519082053207 1
6077980243373983842 1
-6280607100221359988 1
-4374771076178254471 1
1158740198127345060 1
996092377027342141 1
595256785153032960 1
3240263583961572860 1
2592534229832394642 1
-1712245582399270207 1
5577516531178043162 1
-778893165346030884 1
-3469973073291189077 1
3268941686371663934 1
-6390466470479412362 1
8382047417699103472 1
-3723048507552747752 1
4944728352949920519 1
6713660229818288778 1
-7998448116820017966 1
2319677352076825694 1
6595807136594624933 1
4384309129990763096 1
1444235790677617594 1
218753533554751523 1
3330309775169885856 1
-8076154174379575510 1
-6118305858949935607 1
5626572171415944225 1
4846420341547296388 1
-1487976961720367294 1
-956335601360887140 1
-1482685779515056255 1
-5311308886992270674 1
5452696771650563256 1
6665599690112929129 1
8030075415079606828 1
5583389026549401885 2
2694044209419385905 2
-3717709318484422177 2
-2009096834668139840 2
2840408166632495491 2
1045691185749475663 2
-460445083913279918 2
5108316814632168851 2
5540577356167309650 2
7681303402005940281 2
-1618959860166403594 2
8404152645330460346 2
-8101234613412327663 2
-2547987517983182179 2
-5217195513446307368 2
8743508234068820554 2
-525689777062318565 2
7877090138758595816 2
2605761552152477778 2
8723205682627721497 2
5217813237952081433 2
-189429100257596581 2
-81907685003546764 2
426713162468971345 2
409303451990679683 2
-2470897096378415105 2
-4212081884244297760 2
5352370816054592579 2
-5322495209236019822 2
1880159692679625563 2
962904689403953009 2
7569446645832430615 2
3793607117168696168 2
-8707247436007099417 2
7139084340765006904 2
-3913965917131110307 2
-8834068267453157911 2
7580766189701801402 2
4925212482745864060 2
-5783162277650866020 2
-7774041772645548658 2
-205041811303395681 2
1334684858479548883 2
4894114078265013489 2
3137820987792958048 2
6637897453211096457 2
6451817521796108330 2
-4447157651014628689 2
228855125974630200 2
3585526350424440511 2
-2367084756761487476 2
7706995888831316656 2
8554854489983257841 2
-7532660603132708097 2
-5197946001376109599 2
-4778945702310081050 2
-8717476712604317245 3
