72
0 80 7
0 43 7
0 44 7
0 47 7
0 17 3
56 32 14
32 66 7
32 98 16
32 98 16
70 32 14
32 88 7
51 32 14
0 45 7
32 97 7
95 32 14
32 96 7
0 48 7
32 93 7
60 32 14
32 70 7
32 52 7
32 69 7
32 56 7
32 64 7
0 54 7
57 32 14
32 74 7
32 60 7
32 49 7
32 63 7
32 57 7
32 71 7
32 59 7
32 0 3
77 32 14
32 67 7
32 62 7
32 61 7
32 75 7
55 32 14
32 58 7
32 81 7
32 90 7
32 77 7
32 82 7
32 53 7
30 30 3
32 95 7
32 89 7
32 73 7
32 50 7
17 46 7
32 55 7
32 98 16
74 32 14
32 87 7
32 79 7
17 42 7
0 30 3
32 68 7
32 83 7
32 84 7
32 78 7
32 72 7
32 86 7
32 91 7
32 94 7
32 85 7
32 92 7
32 65 7
32 76 7
32 51 7