72
-3893032502195624657 -3663777729430468585 4925212482745864060 7 121 0 2020-10-31T13:18:31.013Z
-8197640697284797486 -7867298320220214091 5583389026549401885 7 117 0 2020-10-31T13:18:31.013Z
-7955568433492220549 -7867298320220214091 2840408166632495491 7 113 0 2020-10-31T13:18:31.013Z
4368277610143086645 -3663777729430468585 -8101234613412327663 7 111 0 2020-10-31T13:18:31.013Z
4460444423302585837 -3663777729430468585 3031750000891649870 7 109 0 2020-10-31T13:18:31.013Z
8539012595945981405 -3663777729430468585 -7867298320220214091 3 108 0 2020-10-31T13:18:31.013Z
-6389460431823418415 8594860099407001599 -8270200832980205023 3 105 0 2020-10-31T13:18:31.013Z
-7172169134897264695 -6118305858949935607 -3663777729430468585 3 103 0 2020-10-31T13:18:31.013Z
-95032869082060980 -6118305858949935607 409303451990679683 7 101 0 2020-10-31T13:18:31.013Z
1235281472542662690 -5217195513446307368 -6118305858949935607 14 100 0 2020-10-31T13:18:31.013Z
5104097289660780067 -3663777729430468585 2694044209419385905 7 119 0 2020-10-31T13:18:31.013Z
4308013541602654781 -6118305858949935607 -8717476712604317245 16 97 0 2020-10-31T13:18:31.013Z
-147472068067133510 -6118305858949935607 -8717476712604317245 16 94 0 2020-10-31T13:18:31.013Z
1072426458588243541 -5322495209236019822 -6118305858949935607 14 92 0 2020-10-31T13:18:31.013Z
6548457239972617620 -6118305858949935607 -4778945702310081050 7 89 0 2020-10-31T13:18:31.013Z
666019622210738787 -6118305858949935607 -5197946001376109599 7 87 0 2020-10-31T13:18:31.013Z
4027448819418743375 -6118305858949935607 5217813237952081433 7 38 0 2020-10-31T13:18:31.013Z
1882260609307917935 -6118305858949935607 -4212081884244297760 7 0 0 2020-10-31T13:18:31.013Z
7189203135414431012 -6118305858949935607 1880159692679625563 7 32 0 2020-10-31T13:18:31.013Z
-8550854277228780883 -6118305858949935607 8404152645330460346 7 40 0 2020-10-31T13:18:31.013Z
3196007515266621622 -3663777729430468585 1045691185749475663 7 115 0 2020-10-31T13:18:31.013Z
7554009910599758593 -6118305858949935607 -7774041772645548658 7 16 0 2020-10-31T13:18:31.013Z
-2353631733760442782 -6118305858949935607 7580766189701801402 7 55 0 2020-10-31T13:18:31.013Z
-5616690181136148685 -6118305858949935607 -8834068267453157911 7 69 0 2020-10-31T13:18:31.013Z
6990219353579187515 -6118305858949935607 5108316814632168851 7 30 0 2020-10-31T13:18:31.013Z
9092651103150858153 -6118305858949935607 -2547987517983182179 7 8 0 2020-10-31T13:18:31.013Z
-7728373018458889754 -6118305858949935607 -189429100257596581 7 99 0 2020-10-31T13:18:31.013Z
2188206805712789202 -6118305858949935607 -5322495209236019822 7 36 0 2020-10-31T13:18:31.013Z
-3040000049362304212 -6118305858949935607 -3913965917131110307 7 53 0 2020-10-31T13:18:31.013Z
3474343172093037150 -6118305858949935607 8743508234068820554 7 4 0 2020-10-31T13:18:31.013Z
5402704764767491873 -6118305858949935607 6451817521796108330 7 91 0 2020-10-31T13:18:31.013Z
-4530661126054183917 -6118305858949935607 -81907685003546764 7 10 0 2020-10-31T13:18:31.013Z
1356646813432814433 -6118305858949935607 -5217195513446307368 7 26 0 2020-10-31T13:18:31.013Z
-2942425960501192011 -6118305858949935607 7877090138758595816 7 2 0 2020-10-31T13:18:31.013Z
-7928443947247151231 -6118305858949935607 -8717476712604317245 16 51 0 2020-10-31T13:18:31.013Z
4439193323511957161 -6118305858949935607 7569446645832430615 7 24 0 2020-10-31T13:18:31.013Z
7200328757245395350 -3913965917131110307 -6118305858949935607 14 74 0 2020-10-31T13:18:31.013Z
-112394025022635629 -6118305858949935607 6637897453211096457 7 67 0 2020-10-31T13:18:31.013Z
5013171733466229451 -6118305858949935607 3585526350424440511 7 81 0 2020-10-31T13:18:31.013Z
2718545896041056978 -6118305858949935607 7706995888831316656 7 83 0 2020-10-31T13:18:31.013Z
-6843486052244430715 -2547987517983182179 -6118305858949935607 14 17 0 2020-10-31T13:18:31.013Z
9160743147978839600 -6118305858949935607 8554854489983257841 7 85 0 2020-10-31T13:18:31.013Z
603581241360637580 -6118305858949935607 -8707247436007099417 7 20 0 2020-10-31T13:18:31.013Z
-8524927274284834925 -6118305858949935607 426713162468971345 7 12 0 2020-10-31T13:18:31.013Z
4340308865337055306 -3663777729430468585 8594860099407001599 3 104 0 2020-10-31T13:18:31.013Z
1685314659955087587 -6118305858949935607 8723205682627721497 7 28 0 2020-10-31T13:18:31.013Z
7096640096405064902 -6118305858949935607 2605761552152477778 7 6 0 2020-10-31T13:18:31.013Z
-6825734116457652989 -6118305858949935607 -2470897096378415105 7 14 0 2020-10-31T13:18:31.013Z
4114124855406253438 -3663777729430468585 -3717709318484422177 7 123 0 2020-10-31T13:18:31.013Z
7559628071195770598 -7532660603132708097 -6118305858949935607 14 88 0 2020-10-31T13:18:31.013Z
4965868005590200032 -6118305858949935607 3793607117168696168 7 34 0 2020-10-31T13:18:31.013Z
7166540441392755308 -6118305858949935607 5352370816054592579 7 18 0 2020-10-31T13:18:31.013Z
3195918771991523028 -6118305858949935607 5540577356167309650 7 42 0 2020-10-31T13:18:31.013Z
-1703554551874656062 8743508234068820554 -6118305858949935607 14 25 0 2020-10-31T13:18:31.013Z
-2729900519014624563 -6118305858949935607 -525689777062318565 7 44 0 2020-10-31T13:18:31.013Z
7111178834838492993 -6118305858949935607 -7532660603132708097 7 46 0 2020-10-31T13:18:31.013Z
-7504189888414156588 -6118305858949935607 7139084340765006904 7 48 0 2020-10-31T13:18:31.013Z
-8054426294429494656 -6118305858949935607 -5783162277650866020 7 57 0 2020-10-31T13:18:31.013Z
-866140389746036686 -6118305858949935607 -1618959860166403594 7 22 0 2020-10-31T13:18:31.013Z
-1897416987536942305 -6118305858949935607 -205041811303395681 7 59 0 2020-10-31T13:18:31.013Z
4565252193171077643 -6118305858949935607 228855125974630200 7 71 0 2020-10-31T13:18:31.013Z
3171318216043538126 -6118305858949935607 1334684858479548883 7 61 0 2020-10-31T13:18:31.013Z
-6468559574376976730 -3663777729430468585 599285228120040037 7 106 0 2020-10-31T13:18:31.013Z
-5138018150361409636 3793607117168696168 -6118305858949935607 14 54 0 2020-10-31T13:18:31.013Z
-1309884091161188505 -6118305858949935607 3137820987792958048 7 65 0 2020-10-31T13:18:31.013Z
-1023038286901856908 -6118305858949935607 4894114078265013489 7 73 0 2020-10-31T13:18:31.013Z
-5680972193243403865 -6118305858949935607 962904689403953009 7 63 0 2020-10-31T13:18:31.013Z
-5591703018877684880 7681303402005940281 -6118305858949935607 14 90 0 2020-10-31T13:18:31.013Z
7120410693249415723 2605761552152477778 -6118305858949935607 14 72 0 2020-10-31T13:18:31.013Z
-9028004802262805814 -6118305858949935607 -4447157651014628689 7 75 0 2020-10-31T13:18:31.013Z
-672296222149994018 -6118305858949935607 -2367084756761487476 7 77 0 2020-10-31T13:18:31.013Z
-4032721073810143431 -6118305858949935607 7681303402005940281 7 79 0 2020-10-31T13:18:31.013Z
