101
-7867298320220214091 0
-8270200832980205023 1
8594860099407001599 2
3810085850646955788 3
8382047417699103472 4
1444235790677617594 5
5626572171415944225 6
6665599690112929129 7
-778893165346030884 8
2592534229832394642 9
-442055703624529411 10
4384309129990763096 11
-826243519082053207 12
6595807136594624933 13
6713660229818288778 14
-7337386657433913783 15
3240263583961572860 16
595256785153032960 17
4944728352949920519 18
-3723048507552747752 19
996092377027342141 20
-1482685779515056255 21
3268941686371663934 22
-6390466470479412362 23
2689584728707825576 24
8030075415079606828 25
-7440534323587102475 26
-956335601360887140 27
2206061864743711555 28
-1251998688471996907 29
4248992107858020308 30
-6118305858949935607 31
-1487976961720367294 32
2319677352076825694 33
-7998448116820017966 34
-8576312221903299253 35
5577516531178043162 36
-3663777729430468585 37
-4374771076178254471 38
7550700609339122366 39
6077980243373983842 40
-6280607100221359988 41
-4382691905463821165 42
2694044209419385905 43
5583389026549401885 44
1045691185749475663 45
2840408166632495491 46
3031750000891649870 47
599285228120040037 48
409303451990679683 49
5108316814632168851 50
5540577356167309650 51
7681303402005940281 52
-1618959860166403594 53
-5217195513446307368 54
8743508234068820554 55
-525689777062318565 56
-5322495209236019822 57
-4212081884244297760 58
7877090138758595816 59
2605761552152477778 60
8723205682627721497 61
-3717709318484422177 62
5737177407857420138 63
5217813237952081433 64
-189429100257596581 65
-81907685003546764 66
8404152645330460346 67
-8101234613412327663 68
-2547987517983182179 69
426713162468971345 70
3793607117168696168 71
-8707247436007099417 72
7569446645832430615 73
-2470897096378415105 74
962904689403953009 75
1880159692679625563 76
5352370816054592579 77
7139084340765006904 78
-3913965917131110307 79
-8834068267453157911 80
7580766189701801402 81
4925212482745864060 82
-5783162277650866020 83
-7774041772645548658 84
-205041811303395681 85
1334684858479548883 86
4894114078265013489 87
3137820987792958048 88
6637897453211096457 89
6451817521796108330 90
-4447157651014628689 91
228855125974630200 92
3585526350424440511 93
-2367084756761487476 94
7706995888831316656 95
8554854489983257841 96
-7532660603132708097 97
-5197946001376109599 98
-4778945702310081050 99
-8717476712604317245 100