72
37 82 7
0 44 7
0 46 7
37 68 7
37 47 7
37 0 3
2 1 3
31 37 3
31 49 7
54 31 14
37 43 7
31 100 16
31 100 16
57 31 14
31 99 7
31 98 7
31 64 7
31 58 7
31 76 7
31 67 7
37 45 7
31 84 7
31 81 7
31 80 7
31 50 7
31 69 7
31 65 7
31 57 7
31 79 7
31 55 7
31 90 7
31 66 7
31 54 7
31 59 7
31 100 16
31 73 7
79 31 14
31 89 7
31 93 7
31 95 7
69 31 14
31 96 7
31 72 7
31 70 7
37 2 3
31 61 7
31 60 7
31 74 7
37 62 7
97 31 14
31 71 7
31 77 7
31 51 7
55 31 14
31 56 7
31 97 7
31 78 7
31 83 7
31 53 7
31 85 7
31 92 7
31 86 7
37 48 7
71 31 14
31 88 7
31 87 7
31 75 7
52 31 14
60 31 14
31 91 7
31 94 7
31 52 7