164
670233110267960480 2403568547242862656 -840468206558416647 7 395 0 2020-10-31T13:18:31.013Z
-6853555223578538858 -4419202093950616505 5118765717311156147 14 394 0 2020-10-31T13:18:31.013Z
-3314460479365873721 -7852097286033638279 5118765717311156147 14 382 0 2020-10-31T13:18:31.013Z
4257229885269184437 5118765717311156147 47237810126425776 7 378 0 2020-10-31T13:18:31.013Z
501592096797344525 5118765717311156147 1587582482614114686 7 374 0 2020-10-31T13:18:31.013Z
-6450443394917413719 5118765717311156147 3221767031982608507 16 363 0 2020-10-31T13:18:31.013Z
-7250657616588687609 -4283142760151437131 5118765717311156147 14 361 0 2020-10-31T13:18:31.013Z
-8611332835971901672 5118765717311156147 -4738169215301433094 16 350 0 2020-10-31T13:18:31.013Z
-8384240354860981976 5118765717311156147 -712738692925636089 16 347 0 2020-10-31T13:18:31.013Z
1807259364413063465 5118765717311156147 -4382449784496240095 16 344 0 2020-10-31T13:18:31.013Z
9179259288039408920 5118765717311156147 -8621398681052778661 7 341 0 2020-10-31T13:18:31.013Z
-463564035003842271 5118765717311156147 3221767031982608507 16 330 0 2020-10-31T13:18:31.013Z
-3887768129301643596 5118765717311156147 2566627527223884441 16 327 0 2020-10-31T13:18:31.013Z
-3058047680010208441 5118765717311156147 -3175667570941278395 7 321 0 2020-10-31T13:18:31.013Z
1231986437792818187 5118765717311156147 5899516494984699438 7 319 0 2020-10-31T13:18:31.013Z
6912610354768844458 5118765717311156147 -8896829175984521255 7 316 0 2020-10-31T13:18:31.013Z
5716013543973580545 5118765717311156147 818521417870764311 16 311 0 2020-10-31T13:18:31.013Z
4842528006921067267 5118765717311156147 818521417870764311 16 308 0 2020-10-31T13:18:31.013Z
-880757899861127412 5118765717311156147 -1574809442255367842 16 305 0 2020-10-31T13:18:31.013Z
1318438869491880945 5118765717311156147 -1574809442255367842 16 302 0 2020-10-31T13:18:31.013Z
-638310948663428815 5118765717311156147 3698028773807633784 7 299 0 2020-10-31T13:18:31.013Z
7626933274233182882 2403568547242862656 5118765717311156147 3 298 0 2020-10-31T13:18:31.013Z
7359956403158190710 -3368391414335432693 2403568547242862656 14 297 0 2020-10-31T13:18:31.013Z
-6265098838042814813 2403568547242862656 2885825520669614263 7 292 0 2020-10-31T13:18:31.013Z
3305230574928560447 -7829420694930975369 2403568547242862656 14 275 0 2020-10-31T13:18:31.013Z
-1556517124919531296 2403568547242862656 7829532258151718976 7 274 0 2020-10-31T13:18:31.013Z
7786487816787033584 -4004798339517194126 2403568547242862656 14 273 0 2020-10-31T13:18:31.013Z
1452945953291994132 2403568547242862656 -4004798339517194126 7 272 0 2020-10-31T13:18:31.013Z
6383667862675810021 -2444910292132831033 2403568547242862656 14 267 0 2020-10-31T13:18:31.013Z
8462077880248510187 2403568547242862656 3862227405757714709 7 290 0 2020-10-31T13:18:31.013Z
3857203962958635013 2403568547242862656 -5044083763461832432 7 180 0 2020-10-31T13:18:31.013Z
-2247553917975041620 2403568547242862656 -6417604546300035199 7 294 0 2020-10-31T13:18:31.013Z
-5562511815112725630 2403568547242862656 -5702358026291101760 7 140 0 2020-10-31T13:18:31.013Z
6997959232486899228 3502247508244079323 2403568547242862656 14 229 0 2020-10-31T13:18:31.013Z
-5726317712753073632 5118765717311156147 -4738169215301433094 16 366 0 2020-10-31T13:18:31.013Z
5763967504507689761 -326106205668732827 2403568547242862656 14 179 0 2020-10-31T13:18:31.013Z
7891192754663991245 5118765717311156147 -4738169215301433094 16 359 0 2020-10-31T13:18:31.013Z
7246408773675239012 2403568547242862656 -8537801788381044588 7 170 0 2020-10-31T13:18:31.013Z
2000695437578010145 2403568547242862656 -8707631017069913422 7 238 0 2020-10-31T13:18:31.013Z
1564855058430445903 5118765717311156147 489111811641808336 7 385 0 2020-10-31T13:18:31.013Z
8115968828255673494 2403568547242862656 6613634759633322494 7 284 0 2020-10-31T13:18:31.013Z
-8013928305864423248 2403568547242862656 -6463452646076061931 7 142 0 2020-10-31T13:18:31.013Z
4701263358958107799 666748134108740532 2403568547242862656 14 241 0 2020-10-31T13:18:31.013Z
84491807781329830 2403568547242862656 7422054664126138325 7 162 0 2020-10-31T13:18:31.013Z
-7608779002960517850 -6463452646076061931 5118765717311156147 14 384 0 2020-10-31T13:18:31.013Z
-1851952562194928443 2403568547242862656 -7829420694930975369 7 172 0 2020-10-31T13:18:31.013Z
-8300732751367256017 5118765717311156147 -4738169215301433094 16 356 0 2020-10-31T13:18:31.013Z
5403575091373574126 2403568547242862656 -8128694923755548720 7 160 0 2020-10-31T13:18:31.013Z
-3203321752325254415 2403568547242862656 -8343110118630882257 7 212 0 2020-10-31T13:18:31.013Z
6079747922496500524 2403568547242862656 -3679825434321700370 7 116 0 2020-10-31T13:18:31.013Z
-9217055979799388376 2403568547242862656 -4321368863675514463 7 168 0 2020-10-31T13:18:31.013Z
-2469798900471212186 2403568547242862656 1526596631215174589 7 156 0 2020-10-31T13:18:31.013Z
-9170429361263528922 8836186568894910676 2403568547242862656 14 253 0 2020-10-31T13:18:31.013Z
4606356046274768348 5118765717311156147 8879561839860320972 16 353 0 2020-10-31T13:18:31.013Z
7652725921053915072 5118765717311156147 7108617999107443646 16 339 0 2020-10-31T13:18:31.013Z
-1615951430015620443 -6476645120891436956 2403568547242862656 14 155 0 2020-10-31T13:18:31.013Z
-6227912906065769600 5118765717311156147 1413835382339627648 7 380 0 2020-10-31T13:18:31.013Z
-8032446119343180190 -8343110118630882257 2403568547242862656 14 281 0 2020-10-31T13:18:31.013Z
-3194595464202695134 2403568547242862656 -7679073907840280834 7 196 0 2020-10-31T13:18:31.013Z
-527781323574335079 2403568547242862656 -9115465618474098794 7 154 0 2020-10-31T13:18:31.013Z
-9188193142234694007 5118765717311156147 -4076192316611933582 7 392 0 2020-10-31T13:18:31.013Z
-3521655793695803456 2403568547242862656 54150225966925643 7 150 0 2020-10-31T13:18:31.013Z
-7837246393445640071 7422054664126138325 2403568547242862656 14 396 0 2020-10-31T13:18:31.013Z
6500591242150558887 5118765717311156147 -5342348570234697358 7 383 0 2020-10-31T13:18:31.013Z
8149913015823465085 2403568547242862656 -8309903864077270121 7 158 0 2020-10-31T13:18:31.013Z
-4520168990848093003 2403568547242862656 -326106205668732827 7 144 0 2020-10-31T13:18:31.013Z
7450353089578987562 2403568547242862656 -6063433380422776457 7 166 0 2020-10-31T13:18:31.013Z
-1542705687221977390 2403568547242862656 -378732520617690506 7 120 0 2020-10-31T13:18:31.013Z
-4521952499553530074 2403568547242862656 2404097345027076070 7 270 0 2020-10-31T13:18:31.013Z
293393359838943513 2403568547242862656 -6722984174119174074 7 112 0 2020-10-31T13:18:31.013Z
1727555819759093837 2403568547242862656 209399219974535491 7 174 0 2020-10-31T13:18:31.013Z
-7002104747675398904 2403568547242862656 -560707383959717708 7 118 0 2020-10-31T13:18:31.013Z
4290839656616857618 5118765717311156147 7108617999107443646 16 333 0 2020-10-31T13:18:31.013Z
5191269474439588747 2403568547242862656 4691985557983598619 7 122 0 2020-10-31T13:18:31.013Z
-1435490362944349644 5118765717311156147 -4852504751172555735 7 324 0 2020-10-31T13:18:31.013Z
-6402386171889328977 2403568547242862656 -8904130173384254205 7 114 0 2020-10-31T13:18:31.013Z
-6572175860998498476 -1883804970665214568 2403568547242862656 14 269 0 2020-10-31T13:18:31.013Z
2189075738079362571 2403568547242862656 3502247508244079323 7 100 0 2020-10-31T13:18:31.013Z
7383294588203824726 5118765717311156147 8672497442919069513 7 370 0 2020-10-31T13:18:31.013Z
-4362905063666626586 2403568547242862656 -1955869971881756184 7 102 0 2020-10-31T13:18:31.013Z
7145373955259580925 2403568547242862656 4235998168740502648 7 104 0 2020-10-31T13:18:31.013Z
-160571796099734681 2403568547242862656 -6476645120891436956 7 146 0 2020-10-31T13:18:31.013Z
-8937889621415614368 2403568547242862656 8706717564262335637 7 222 0 2020-10-31T13:18:31.013Z
-8374036196442352985 2403568547242862656 -6417604546300035199 7 246 0 2020-10-31T13:18:31.013Z
-3797581918708191700 -3679825434321700370 2403568547242862656 14 127 0 2020-10-31T13:18:31.013Z
-7856184869972558458 2403568547242862656 2119808430777318074 7 148 0 2020-10-31T13:18:31.013Z
4527460844269396421 2403568547242862656 -3244559966013666702 7 250 0 2020-10-31T13:18:31.013Z
6549189893659010111 2403568547242862656 3268549485702156145 7 110 0 2020-10-31T13:18:31.013Z
4651130811907877215 5118765717311156147 -7065095552428948216 7 372 0 2020-10-31T13:18:31.013Z
6363997669534303626 2403568547242862656 3970928914842338733 7 178 0 2020-10-31T13:18:31.013Z
2005145343851255818 2403568547242862656 7626162773454251138 7 202 0 2020-10-31T13:18:31.013Z
5027188589981350416 2403568547242862656 689102468086756431 7 106 0 2020-10-31T13:18:31.013Z
-5498270015623832552 2403568547242862656 1165591466097087147 7 248 0 2020-10-31T13:18:31.013Z
639083515632017755 2403568547242862656 -3519307060233529630 7 230 0 2020-10-31T13:18:31.013Z
-3129066546036394879 2403568547242862656 -2367084756761487476 7 128 0 2020-10-31T13:18:31.013Z
2643522478863113574 2403568547242862656 8336084328629693116 7 130 0 2020-10-31T13:18:31.013Z
-2562103544433621293 5118765717311156147 -6236749620428395691 7 376 0 2020-10-31T13:18:31.013Z
2172910068413670405 2403568547242862656 235397800206857811 7 184 0 2020-10-31T13:18:31.013Z
-5869395676150391823 3605141514485197090 2403568547242862656 14 289 0 2020-10-31T13:18:31.013Z
1464239369874937394 2403568547242862656 2094182649280268209 7 124 0 2020-10-31T13:18:31.013Z
2133450904232944445 2403568547242862656 -4172764054448331765 7 288 0 2020-10-31T13:18:31.013Z
-8458825965034548228 2403568547242862656 8836186568894910676 7 126 0 2020-10-31T13:18:31.013Z
8305136663768708040 2403568547242862656 2746809649310451257 7 286 0 2020-10-31T13:18:31.013Z
-7400868900537156196 2403568547242862656 -1586114440433006080 7 232 0 2020-10-31T13:18:31.013Z
-6459538463839693164 2403568547242862656 4811759488476407983 7 182 0 2020-10-31T13:18:31.013Z
8817118837442547791 454478236759602128 5118765717311156147 14 318 0 2020-10-31T13:18:31.013Z
-6368625722372091724 2403568547242862656 -574058792051504207 7 280 0 2020-10-31T13:18:31.013Z
8396344830338643877 2403568547242862656 -5135464293371810198 7 164 0 2020-10-31T13:18:31.013Z
-7510372381290304988 2403568547242862656 -3368391414335432693 7 186 0 2020-10-31T13:18:31.013Z
-7898386447867001104 2403568547242862656 -4307053642547476270 7 264 0 2020-10-31T13:18:31.013Z
5241159304049066216 2403568547242862656 -6248440899098661684 7 152 0 2020-10-31T13:18:31.013Z
8683637106991534733 2403568547242862656 5334575190759949790 7 108 0 2020-10-31T13:18:31.013Z
-7260818185723626192 2403568547242862656 4524737837374838547 7 254 0 2020-10-31T13:18:31.013Z
3330301640966845621 2403568547242862656 -3641413648105655155 7 132 0 2020-10-31T13:18:31.013Z
-137662332815640062 2403568547242862656 -4419202093950616505 7 138 0 2020-10-31T13:18:31.013Z
-8290377294983091870 2403568547242862656 -5589220928419433898 7 188 0 2020-10-31T13:18:31.013Z
-5176456560380320065 -8309903864077270121 2403568547242862656 14 205 0 2020-10-31T13:18:31.013Z
-839207325385395378 2403568547242862656 -7852097286033638279 7 176 0 2020-10-31T13:18:31.013Z
4605760051722241695 2403568547242862656 -2444910292132831033 7 258 0 2020-10-31T13:18:31.013Z
-7406481914252572519 2403568547242862656 -1282138088097714214 7 190 0 2020-10-31T13:18:31.013Z
5130853570715312218 2403568547242862656 6294035510833265512 7 266 0 2020-10-31T13:18:31.013Z
8758936265487910471 5118765717311156147 -4382449784496240095 16 336 0 2020-10-31T13:18:31.013Z
-2825917071610654504 2403568547242862656 7827798122192400040 7 192 0 2020-10-31T13:18:31.013Z
-6242443501283695285 -5702358026291101760 2403568547242862656 14 237 0 2020-10-31T13:18:31.013Z
-3356779840232196544 2403568547242862656 -2564551481574249226 7 194 0 2020-10-31T13:18:31.013Z
-2147815827835181636 2403568547242862656 5823373636445420698 7 282 0 2020-10-31T13:18:31.013Z
6365524697880778768 2403568547242862656 666748134108740532 7 204 0 2020-10-31T13:18:31.013Z
-5863322051016383506 2403568547242862656 4528069384278443369 7 134 0 2020-10-31T13:18:31.013Z
-582145865993487411 -2564551481574249226 2403568547242862656 14 195 0 2020-10-31T13:18:31.013Z
-1549475249049199600 2403568547242862656 8966204023276284888 7 198 0 2020-10-31T13:18:31.013Z
-4603994766548053087 2403568547242862656 4477806978927575247 7 262 0 2020-10-31T13:18:31.013Z
8073180771001175886 2403568547242862656 4463370058970886187 7 200 0 2020-10-31T13:18:31.013Z
-2687930829460906994 5118765717311156147 -4621964146219691241 7 368 0 2020-10-31T13:18:31.013Z
4548675551932870105 3268549485702156145 2403568547242862656 14 201 0 2020-10-31T13:18:31.013Z
-6502968506816285202 2403568547242862656 4045422170507469845 7 244 0 2020-10-31T13:18:31.013Z
5154887140569827387 2403568547242862656 -5926562819243403443 7 206 0 2020-10-31T13:18:31.013Z
5794415913209460070 2403568547242862656 4657213926723358502 7 208 0 2020-10-31T13:18:31.013Z
-648074722761408918 2403568547242862656 -419780222912014584 7 210 0 2020-10-31T13:18:31.013Z
-2477436316425870271 5118765717311156147 454478236759602128 7 313 0 2020-10-31T13:18:31.013Z
-1408162003967906913 2403568547242862656 -6250172227387822571 7 214 0 2020-10-31T13:18:31.013Z
-6452908219118244442 2119808430777318074 2403568547242862656 14 217 0 2020-10-31T13:18:31.013Z
-6459496173059307073 5118765717311156147 6794511879631153064 7 388 0 2020-10-31T13:18:31.013Z
-6286968996700224649 2403568547242862656 -7507051988378028907 7 278 0 2020-10-31T13:18:31.013Z
-8555965998902780955 2403568547242862656 -1883804970665214568 7 218 0 2020-10-31T13:18:31.013Z
-3598216880323462191 2403568547242862656 2318754894169374742 7 216 0 2020-10-31T13:18:31.013Z
30578703758392992 2403568547242862656 3173205826839407479 7 220 0 2020-10-31T13:18:31.013Z
5825039045637488174 2403568547242862656 -3187920940761261090 7 224 0 2020-10-31T13:18:31.013Z
7071551144695086403 2403568547242862656 -966159244681413640 7 226 0 2020-10-31T13:18:31.013Z
-6867429037029069711 -5926562819243403443 2403568547242862656 14 227 0 2020-10-31T13:18:31.013Z
6265863568665071313 2403568547242862656 7137072755947932224 7 228 0 2020-10-31T13:18:31.013Z
-86531072826216855 2403568547242862656 4450132134749092185 7 136 0 2020-10-31T13:18:31.013Z
-4683894989177592046 -8904130173384254205 2403568547242862656 14 233 0 2020-10-31T13:18:31.013Z
-8358608643607637297 2403568547242862656 8799131248853344429 7 236 0 2020-10-31T13:18:31.013Z
3776514292926019167 5118765717311156147 -1588928048638714666 7 390 0 2020-10-31T13:18:31.013Z
8073015572497412433 2403568547242862656 -6024031315157243476 7 296 0 2020-10-31T13:18:31.013Z
1030886603521885821 2403568547242862656 529805196414662439 7 234 0 2020-10-31T13:18:31.013Z
-6455079332618337954 2403568547242862656 3605141514485197090 7 240 0 2020-10-31T13:18:31.013Z
-79659724111928660 -3641413648105655155 2403568547242862656 14 291 0 2020-10-31T13:18:31.013Z
-7877765887926193212 2403568547242862656 -6189062650317148338 7 276 0 2020-10-31T13:18:31.013Z
1721473400478193899 2403568547242862656 -4283142760151437131 7 268 0 2020-10-31T13:18:31.013Z
2074305303697011160 2403568547242862656 -6992335809800166315 7 242 0 2020-10-31T13:18:31.013Z
-6760766443676143757 2403568547242862656 44606353763862982 7 252 0 2020-10-31T13:18:31.013Z
3304165159637836984 2403568547242862656 6182870871486941679 7 256 0 2020-10-31T13:18:31.013Z
-827863299996438455 2403568547242862656 -2936452260850732896 7 260 0 2020-10-31T13:18:31.013Z
