142
5118765717311156147 0
-6806480296806817791 1
3805375453613253064 2
3679395317321293476 3
3092978643625585728 4
5091531099454493674 5
4270303748944146355 6
5948037690565813560 7
3749784207781554720 8
-1809581961350450110 9
3857377875813986013 10
7320400160211605401 11
2403568547242862656 12
-8767852232018156156 13
7338065699624268277 14
-840468206558416647 15
-1588928048638714666 16
6794511879631153064 17
-5342348570234697358 18
1413835382339627648 19
-6236749620428395691 20
-7065095552428948216 21
8672497442919069513 22
-4621964146219691241 23
-8621398681052778661 24
-3175667570941278395 25
5899516494984699438 26
454478236759602128 27
3698028773807633784 28
-6024031315157243476 29
2885825520669614263 30
-5589220928419433898 31
-8343110118630882257 32
-1883804970665214568 33
7829532258151718976 34
1587582482614114686 35
-8896829175984521255 36
-7829420694930975369 37
2119808430777318074 38
-7679073907840280834 39
7422054664126138325 40
1526596631215174589 41
-7852097286033638279 42
-378732520617690506 43
-9115465618474098794 44
-8537801788381044588 45
4691985557983598619 46
-6189062650317148338 47
-4419202093950616505 48
-8904130173384254205 49
-8707631017069913422 50
4811759488476407983 51
2746809649310451257 52
-5702358026291101760 53
-560707383959717708 54
-419780222912014584 55
5334575190759949790 56
-4076192316611933582 57
-1955869971881756184 58
-4852504751172555735 59
-8309903864077270121 60
7626162773454251138 61
2094182649280268209 62
-3187920940761261090 63
689102468086756431 64
209399219974535491 65
8836186568894910676 66
-6992335809800166315 67
-5135464293371810198 68
-8128694923755548720 69
-6722984174119174074 70
54150225966925643 71
4657213926723358502 72
-1282138088097714214 73
3502247508244079323 74
3268549485702156145 75
-4321368863675514463 76
-6476645120891436956 77
8336084328629693116 78
-3641413648105655155 79
7827798122192400040 80
-6250172227387822571 81
4450132134749092185 82
-6463452646076061931 83
4235998168740502648 84
-4307053642547476270 85
2404097345027076070 86
-326106205668732827 87
-2564551481574249226 88
8966204023276284888 89
4528069384278443369 90
4463370058970886187 91
-3368391414335432693 92
-4172764054448331765 93
-3679825434321700370 94
3862227405757714709 95
666748134108740532 96
235397800206857811 97
-5926562819243403443 98
2318754894169374742 99
3173205826839407479 100
-2936452260850732896 101
8706717564262335637 102
-966159244681413640 103
7137072755947932224 104
-3519307060233529630 105
489111811641808336 106
1165591466097087147 107
-2367084756761487476 108
-1586114440433006080 109
529805196414662439 110
-6417604546300035199 111
3605141514485197090 112
47237810126425776 113
3970928914842338733 114
4045422170507469845 115
-4283142760151437131 116
5823373636445420698 117
-6248440899098661684 118
-3244559966013666702 119
44606353763862982 120
4524737837374838547 121
-6063433380422776457 122
6182870871486941679 123
-5044083763461832432 124
-2444910292132831033 125
4477806978927575247 126
6294035510833265512 127
-4004798339517194126 128
-7507051988378028907 129
-574058792051504207 130
8799131248853344429 131
6613634759633322494 132
-4382449784496240095 133
3221767031982608507 134
7108617999107443646 135
8879561839860320972 136
2566627527223884441 137
-712738692925636089 138
-1574809442255367842 139
818521417870764311 140
-4738169215301433094 141