29
12 15 0 30 34 128 95 124 111 53 45 50 132 83 40 37 69 32 94 76 41 39 44 71 60 87 122 43 86 70 65 54 46 49 74 58 84 77 102 111 38 119 75 114 61 64 107 105 108 78 97 62 93 66 52 109 51 130 68 92 85 118 56 121 79 48 31 42 125 73 127 80 88 117 96 90 89 126 91 115 98 72 55 81 129 33 99 100 63 103 104 82 131 29 110 112 47 116 67 120 123 101
48 0
42 0
0 113 35 134 141 138 133 24 134 137 25 26 36 140 140 139 139 28 141 141 106 141 136 135 19 57 18 135 59 22 21 20 133 23 27 17 16
116 0
92 12
37 12
128 12
125 12
74 12
87 12
96 12
83 0
66 12
77 12
32 12
40 12
33 12
94 12
112 12
27 0
60 12
53 12
88 12
75 12
38 12
98 12
49 12
79 12