142
5118765717311156147 1
-6806480296806817791 1
3805375453613253064 1
3679395317321293476 1
3092978643625585728 1
5091531099454493674 1
4270303748944146355 1
5948037690565813560 1
3749784207781554720 1
-1809581961350450110 1
3857377875813986013 1
7320400160211605401 1
2403568547242862656 1
-8767852232018156156 1
7338065699624268277 1
-840468206558416647 2
-1588928048638714666 2
6794511879631153064 2
-5342348570234697358 2
1413835382339627648 2
-6236749620428395691 2
-7065095552428948216 2
8672497442919069513 2
-4621964146219691241 2
-8621398681052778661 2
-3175667570941278395 2
5899516494984699438 2
454478236759602128 2
3698028773807633784 2
-6024031315157243476 2
2885825520669614263 2
-5589220928419433898 2
-8343110118630882257 2
-1883804970665214568 2
7829532258151718976 2
1587582482614114686 2
-8896829175984521255 2
-7829420694930975369 2
2119808430777318074 2
-7679073907840280834 2
7422054664126138325 2
1526596631215174589 2
-7852097286033638279 2
-378732520617690506 2
-9115465618474098794 2
-8537801788381044588 2
4691985557983598619 2
-6189062650317148338 2
-4419202093950616505 2
-8904130173384254205 2
-8707631017069913422 2
4811759488476407983 2
2746809649310451257 2
-5702358026291101760 2
-560707383959717708 2
-419780222912014584 2
5334575190759949790 2
-4076192316611933582 2
-1955869971881756184 2
-4852504751172555735 2
-8309903864077270121 2
7626162773454251138 2
2094182649280268209 2
-3187920940761261090 2
689102468086756431 2
209399219974535491 2
8836186568894910676 2
-6992335809800166315 2
-5135464293371810198 2
-8128694923755548720 2
-6722984174119174074 2
54150225966925643 2
4657213926723358502 2
-1282138088097714214 2
3502247508244079323 2
3268549485702156145 2
-4321368863675514463 2
-6476645120891436956 2
8336084328629693116 2
-3641413648105655155 2
7827798122192400040 2
-6250172227387822571 2
4450132134749092185 2
-6463452646076061931 2
4235998168740502648 2
-4307053642547476270 2
2404097345027076070 2
-326106205668732827 2
-2564551481574249226 2
8966204023276284888 2
4528069384278443369 2
4463370058970886187 2
-3368391414335432693 2
-4172764054448331765 2
-3679825434321700370 2
3862227405757714709 2
666748134108740532 2
235397800206857811 2
-5926562819243403443 2
2318754894169374742 2
3173205826839407479 2
-2936452260850732896 2
8706717564262335637 2
-966159244681413640 2
7137072755947932224 2
-3519307060233529630 2
489111811641808336 2
1165591466097087147 2
-2367084756761487476 2
-1586114440433006080 2
529805196414662439 2
-6417604546300035199 2
3605141514485197090 2
47237810126425776 2
3970928914842338733 2
4045422170507469845 2
-4283142760151437131 2
5823373636445420698 2
-6248440899098661684 2
-3244559966013666702 2
44606353763862982 2
4524737837374838547 2
-6063433380422776457 2
6182870871486941679 2
-5044083763461832432 2
-2444910292132831033 2
4477806978927575247 2
6294035510833265512 2
-4004798339517194126 2
-7507051988378028907 2
-574058792051504207 2
8799131248853344429 2
6613634759633322494 2
-4382449784496240095 3
3221767031982608507 3
7108617999107443646 3
8879561839860320972 3
2566627527223884441 3
-712738692925636089 3
-1574809442255367842 3
818521417870764311 3
-4738169215301433094 3
