164
12 15 7
48 0 14
42 0 14
0 113 7
0 35 7
0 134 16
116 0 14
0 141 16
0 138 16
0 133 16
0 24 7
0 134 16
0 137 16
0 25 7
0 26 7
0 36 7
0 140 16
0 140 16
0 139 16
0 139 16
0 28 7
12 0 3
92 12 14
12 30 7
37 12 14
12 34 7
128 12 14
12 128 7
125 12 14
12 95 7
12 124 7
12 111 7
12 53 7
74 12 14
0 141 16
87 12 14
0 141 16
12 45 7
12 50 7
0 106 7
12 132 7
12 83 7
96 12 14
12 40 7
83 0 14
12 37 7
0 141 16
12 69 7
12 32 7
12 94 7
12 76 7
12 41 7
66 12 14
0 136 16
0 135 16
77 12 14
0 19 7
32 12 14
12 39 7
12 44 7
0 57 7
12 71 7
40 12 14
0 18 7
12 60 7
12 87 7
12 122 7
12 43 7
12 86 7
12 70 7
12 65 7
12 54 7
0 135 16
12 46 7
0 59 7
12 49 7
33 12 14
12 74 7
0 22 7
12 58 7
12 84 7
12 77 7
12 102 7
12 111 7
94 12 14
12 38 7
12 119 7
12 75 7
0 21 7
12 114 7
12 61 7
12 64 7
12 107 7
12 105 7
12 108 7
12 78 7
0 20 7
12 97 7
112 12 14
12 62 7
12 93 7
12 66 7
12 52 7
12 109 7
12 51 7
27 0 14
12 130 7
12 68 7
12 92 7
12 85 7
12 118 7
12 56 7
12 121 7
12 79 7
12 48 7
12 31 7
60 12 14
12 42 7
12 125 7
12 73 7
12 127 7
0 133 16
12 80 7
53 12 14
12 88 7
12 117 7
12 96 7
12 90 7
88 12 14
12 89 7
12 126 7
12 91 7
0 23 7
75 12 14
12 115 7
12 98 7
12 72 7
12 55 7
0 27 7
12 81 7
38 12 14
0 17 7
12 129 7
12 33 7
12 99 7
12 100 7
12 63 7
12 103 7
98 12 14
12 104 7
12 82 7
49 12 14
12 131 7
0 16 7
12 29 7
12 110 7
12 112 7
79 12 14
12 47 7
12 116 7
12 67 7
12 120 7
12 123 7
12 101 7