80
1208355476166135973 8007998538979489768 3071376252135711184 3 93 0 2020-10-31T13:18:31.013Z
6217904134658174383 8007998538979489768 8007998538979489768 3 92 0 2020-10-31T13:18:31.013Z
5526808824855842171 8007998538979489768 -7446329425714248903 7 91 0 2020-10-31T13:18:31.013Z
5708374231579622199 8007998538979489768 8007998538979489768 3 90 0 2020-10-31T13:18:31.013Z
3268614833131580966 8007998538979489768 -4639701377338618094 7 89 0 2020-10-31T13:18:31.013Z
-3063101032736570040 8007998538979489768 8007998538979489768 3 88 0 2020-10-31T13:18:31.013Z
6156356623800896157 8007998538979489768 8007998538979489768 3 84 0 2020-10-31T13:18:31.013Z
9121329335249707255 3071376252135711184 1419292147223770145 3 94 0 2020-10-31T13:18:31.013Z
-821114779658542306 8007998538979489768 7611509664382740723 7 78 0 2020-10-31T13:18:31.013Z
3554330357289982973 8007998538979489768 7231725348474740549 7 76 0 2020-10-31T13:18:31.013Z
3316021805158928127 8007998538979489768 1730692530428203602 7 80 0 2020-10-31T13:18:31.013Z
-4751955193459569122 8007998538979489768 2020355332500008396 7 74 0 2020-10-31T13:18:31.013Z
-8614732847187368832 8007998538979489768 8007998538979489768 3 71 0 2020-10-31T13:18:31.013Z
5257065074692005192 8007998538979489768 8007998538979489768 3 73 0 2020-10-31T13:18:31.013Z
7537117418866474037 8007998538979489768 8007998538979489768 3 69 0 2020-10-31T13:18:31.013Z
-5246207655283999729 8007998538979489768 8007998538979489768 3 64 0 2020-10-31T13:18:31.013Z
2710712476793622233 8007998538979489768 8007998538979489768 3 63 0 2020-10-31T13:18:31.013Z
-6227543474867373806 8007998538979489768 -7817319364082995669 7 62 0 2020-10-31T13:18:31.013Z
7742157801768563793 8007998538979489768 -9188911595501735611 7 60 0 2020-10-31T13:18:31.013Z
3340438259981511716 8007998538979489768 8007998538979489768 3 81 0 2020-10-31T13:18:31.013Z
73950255264525944 8007998538979489768 8007998538979489768 3 59 0 2020-10-31T13:18:31.013Z
8106143128000050053 8007998538979489768 8007998538979489768 3 34 0 2020-10-31T13:18:31.013Z
-1918930360022805140 8007998538979489768 -4489133755804210264 7 33 0 2020-10-31T13:18:31.013Z
-1058312914390642945 8007998538979489768 -7586389104166118008 7 48 0 2020-10-31T13:18:31.013Z
647627396153744848 2667946890804706414 8007998538979489768 3 26 0 2020-10-31T13:18:31.013Z
-7548952060332351278 8007998538979489768 -4272743986581486038 7 85 0 2020-10-31T13:18:31.013Z
3603589772807052774 8007998538979489768 8007998538979489768 3 77 0 2020-10-31T13:18:31.013Z
-4156886333532404169 8007998538979489768 8007998538979489768 3 28 0 2020-10-31T13:18:31.013Z
-6257808557012560896 8007998538979489768 8007998538979489768 3 49 0 2020-10-31T13:18:31.013Z
4905536115055749703 8007998538979489768 8007998538979489768 3 67 0 2020-10-31T13:18:31.013Z
-4261155505526900280 8007998538979489768 -1730503747409361005 7 29 0 2020-10-31T13:18:31.013Z
5479015393800845428 8007998538979489768 8007998538979489768 3 32 0 2020-10-31T13:18:31.013Z
9073514336476493767 -51205780225563597 -4560192579951783032 7 6 0 2020-10-31T13:18:31.013Z
-8170670557930546368 -51205780225563597 2703641464375161293 7 8 0 2020-10-31T13:18:31.013Z
-1267362768334088942 8007998538979489768 8007998538979489768 3 45 0 2020-10-31T13:18:31.013Z
5130653093212291935 8007998538979489768 8007998538979489768 3 47 0 2020-10-31T13:18:31.013Z
-2883207812853310031 -51205780225563597 -2250745077292002568 7 18 0 2020-10-31T13:18:31.013Z
-4293027022896755320 8007998538979489768 -1710922865317330879 7 42 0 2020-10-31T13:18:31.013Z
5890115651553472252 8007998538979489768 8007998538979489768 3 30 0 2020-10-31T13:18:31.013Z
-275608875664766278 8007998538979489768 8007998538979489768 3 79 0 2020-10-31T13:18:31.013Z
-6269587351678907692 8007998538979489768 -5568487227872489531 7 27 0 2020-10-31T13:18:31.013Z
5880087970247115325 -51205780225563597 -3372448646672590738 7 12 0 2020-10-31T13:18:31.013Z
9211353933983915175 8007998538979489768 8007998538979489768 3 43 0 2020-10-31T13:18:31.013Z
-50793677926792485 8007998538979489768 3341721028872681098 7 82 0 2020-10-31T13:18:31.013Z
-3007486050585559213 8007998538979489768 -5911778006250222962 7 37 0 2020-10-31T13:18:31.013Z
-4944539865641098251 -51205780225563597 -4715857790645146878 7 0 0 2020-10-31T13:18:31.013Z
-833684959154524488 -51205780225563597 -571986260988237775 7 14 0 2020-10-31T13:18:31.013Z
5907619380744522754 -51205780225563597 -4219876654181355981 7 16 0 2020-10-31T13:18:31.013Z
-3385586989335174015 8007998538979489768 -4752119733425790239 7 68 0 2020-10-31T13:18:31.013Z
7168159191831487789 8007998538979489768 4331570019043629339 7 31 0 2020-10-31T13:18:31.013Z
7637956835403695087 8007998538979489768 -6694513782417480710 7 87 0 2020-10-31T13:18:31.013Z
-3771716717592900994 8007998538979489768 8007998538979489768 3 86 0 2020-10-31T13:18:31.013Z
-3700436347401788001 -51205780225563597 -272445324518063855 7 20 0 2020-10-31T13:18:31.013Z
2052023879576601127 -51205780225563597 -89668876881687686 7 10 0 2020-10-31T13:18:31.013Z
-2580051607976284071 -51205780225563597 266643623604323587 7 2 0 2020-10-31T13:18:31.013Z
4954290260750763508 -51205780225563597 6874712464546154288 7 4 0 2020-10-31T13:18:31.013Z
4281993342724753065 8007998538979489768 -6101067875370750050 7 35 0 2020-10-31T13:18:31.013Z
-19366370560338667 8007998538979489768 8007998538979489768 3 36 0 2020-10-31T13:18:31.013Z
-4107032845954126507 8007998538979489768 8007998538979489768 3 38 0 2020-10-31T13:18:31.013Z
4113883354701816923 8007998538979489768 9154193054747815895 7 50 0 2020-10-31T13:18:31.013Z
4978961712368382033 8007998538979489768 4607765556651901068 7 72 0 2020-10-31T13:18:31.013Z
8212716650539288730 8007998538979489768 8007998538979489768 3 39 0 2020-10-31T13:18:31.013Z
1172403556245044764 8007998538979489768 4376089201506465481 7 40 0 2020-10-31T13:18:31.013Z
-8813335270254442843 8007998538979489768 1592226955946754744 7 46 0 2020-10-31T13:18:31.013Z
9159480038408536156 8007998538979489768 8007998538979489768 3 51 0 2020-10-31T13:18:31.013Z
352005902326291400 8007998538979489768 8007998538979489768 3 61 0 2020-10-31T13:18:31.013Z
-8520405067468691865 8007998538979489768 8007998538979489768 3 41 0 2020-10-31T13:18:31.013Z
7794058495752789426 -51205780225563597 -5677222901113887873 7 22 0 2020-10-31T13:18:31.013Z
-6877931082370965124 -51205780225563597 2667946890804706414 3 24 0 2020-10-31T13:18:31.013Z
575747831790365683 8007998538979489768 7147965632590311918 7 44 0 2020-10-31T13:18:31.013Z
-7968026244234294023 8007998538979489768 5885709452182366729 7 58 0 2020-10-31T13:18:31.013Z
-692306419928893547 8007998538979489768 -6849907880327641470 7 52 0 2020-10-31T13:18:31.013Z
-6699054473229915958 8007998538979489768 6372816738328468104 7 70 0 2020-10-31T13:18:31.013Z
-2497509409365728983 8007998538979489768 8007998538979489768 3 53 0 2020-10-31T13:18:31.013Z
-2954223700198835540 2667946890804706414 -7027022828041816414 7 25 0 2020-10-31T13:18:31.013Z
5789502318882525704 8007998538979489768 6977851711196583676 7 54 0 2020-10-31T13:18:31.013Z
-3522228239846753404 8007998538979489768 8007998538979489768 3 55 0 2020-10-31T13:18:31.013Z
-2989873009829910145 8007998538979489768 1899646679042355654 7 56 0 2020-10-31T13:18:31.013Z
2473214853178447898 8007998538979489768 8007998538979489768 3 75 0 2020-10-31T13:18:31.013Z
4552224669156915048 8007998538979489768 8007998538979489768 3 57 0 2020-10-31T13:18:31.013Z
