48
1419292147223770145 0
8007998538979489768 1
3071376252135711184 2
-51205780225563597 3
2667946890804706414 4
-4639701377338618094 5
-4272743986581486038 6
3341721028872681098 7
1730692530428203602 8
7611509664382740723 9
4607765556651901068 10
6372816738328468104 11
-4752119733425790239 12
-7817319364082995669 13
-7446329425714248903 14
-9188911595501735611 15
9154193054747815895 16
-7586389104166118008 17
-272445324518063855 18
-2250745077292002568 19
-6694513782417480710 20
2020355332500008396 21
-7027022828041816414 22
7147965632590311918 23
1899646679042355654 24
266643623604323587 25
-4715857790645146878 26
7231725348474740549 27
2703641464375161293 28
-4219876654181355981 29
-3372448646672590738 30
-89668876881687686 31
6874712464546154288 32
-4560192579951783032 33
5885709452182366729 34
-571986260988237775 35
4331570019043629339 36
1592226955946754744 37
-5677222901113887873 38
6977851711196583676 39
-5568487227872489531 40
4376089201506465481 41
-1730503747409361005 42
-6849907880327641470 43
-4489133755804210264 44
-6101067875370750050 45
-5911778006250222962 46
-1710922865317330879 47