48
1419292147223770145 1
8007998538979489768 1
3071376252135711184 1
-51205780225563597 1
2667946890804706414 1
-4639701377338618094 2
-4272743986581486038 2
3341721028872681098 2
1730692530428203602 2
7611509664382740723 2
4607765556651901068 2
6372816738328468104 2
-4752119733425790239 2
-7817319364082995669 2
-7446329425714248903 2
-9188911595501735611 2
9154193054747815895 2
-7586389104166118008 2
-272445324518063855 2
-2250745077292002568 2
-6694513782417480710 2
2020355332500008396 2
-7027022828041816414 2
7147965632590311918 2
1899646679042355654 2
266643623604323587 2
-4715857790645146878 2
7231725348474740549 2
2703641464375161293 2
-4219876654181355981 2
-3372448646672590738 2
-89668876881687686 2
6874712464546154288 2
-4560192579951783032 2
5885709452182366729 2
-571986260988237775 2
4331570019043629339 2
1592226955946754744 2
-5677222901113887873 2
6977851711196583676 2
-5568487227872489531 2
4376089201506465481 2
-1730503747409361005 2
-6849907880327641470 2
-4489133755804210264 2
-6101067875370750050 2
-5911778006250222962 2
-1710922865317330879 2
