74
-5714270738758969412 -3026382794121619718 2694044209419385905 7 220 0 2020-10-31T13:18:31.013Z
3177004911325260409 -3026382794121619718 -3717709318484422177 7 218 0 2020-10-31T13:18:31.013Z
8404780811772465233 -3026382794121619718 658055069924950398 7 211 0 2020-10-31T13:18:31.013Z
-8787011737138264189 -3026382794121619718 -8101234613412327663 7 200 0 2020-10-31T13:18:31.013Z
-9058757889007633513 -2975986158103972530 3010205171714125741 3 195 0 2020-10-31T13:18:31.013Z
-2978358242388884452 -2975986158103972530 -174717277757027484 7 194 0 2020-10-31T13:18:31.013Z
249627045308877017 2035238680324163513 -4944173875500294713 7 192 0 2020-10-31T13:18:31.013Z
-1464837074346217758 5577538892647823156 2035238680324163513 14 191 0 2020-10-31T13:18:31.013Z
712177205409619070 2035238680324163513 5577538892647823156 7 190 0 2020-10-31T13:18:31.013Z
-9027021089011736642 5672457050781853629 2035238680324163513 14 187 0 2020-10-31T13:18:31.013Z
-1657331697367874894 2035238680324163513 -6131898110744566805 7 186 0 2020-10-31T13:18:31.013Z
-3031865865354774898 2035238680324163513 6868190886987276709 7 184 0 2020-10-31T13:18:31.013Z
-6661061067911260322 2035238680324163513 4205624391875137184 7 182 0 2020-10-31T13:18:31.013Z
-10641965439480467 2035238680324163513 6890386968354594278 7 180 0 2020-10-31T13:18:31.013Z
2638811848326528236 -5624820421663453412 2035238680324163513 14 179 0 2020-10-31T13:18:31.013Z
2439872659515912958 -3026382794121619718 1045691185749475663 7 209 0 2020-10-31T13:18:31.013Z
-2509852933330665938 2035238680324163513 3165486009743820898 7 178 0 2020-10-31T13:18:31.013Z
-245745853792132572 2035238680324163513 7927476602468721692 7 176 0 2020-10-31T13:18:31.013Z
2663224857117695128 2035238680324163513 5374979080791212823 7 174 0 2020-10-31T13:18:31.013Z
8021857125213368953 1639268503569459464 2035238680324163513 14 137 0 2020-10-31T13:18:31.013Z
-2145802614483172768 2035238680324163513 -4449743243455640118 7 134 0 2020-10-31T13:18:31.013Z
-7075063546716695930 2035238680324163513 7152010050593362759 7 132 0 2020-10-31T13:18:31.013Z
5482601520691721571 2035238680324163513 885869836608404721 7 126 0 2020-10-31T13:18:31.013Z
6355743527827305851 2035238680324163513 5730711817006092193 7 130 0 2020-10-31T13:18:31.013Z
-6545586644052583048 -7296300120754750686 2035238680324163513 14 183 0 2020-10-31T13:18:31.013Z
-8050308185794741493 885869836608404721 2035238680324163513 14 127 0 2020-10-31T13:18:31.013Z
23579718358697683 2035238680324163513 5336819771939737673 7 108 0 2020-10-31T13:18:31.013Z
-7483803218472070846 2035238680324163513 -2907875895779431358 7 124 0 2020-10-31T13:18:31.013Z
4624025027790399809 -4449743243455640118 2035238680324163513 14 163 0 2020-10-31T13:18:31.013Z
-8484551783845598677 2035238680324163513 1608806621831266974 7 166 0 2020-10-31T13:18:31.013Z
1165422683302389827 1608806621831266974 2035238680324163513 14 167 0 2020-10-31T13:18:31.013Z
3782553066236072835 2035238680324163513 469330092667491253 7 106 0 2020-10-31T13:18:31.013Z
1099388979267111644 2035238680324163513 -7296300120754750686 7 162 0 2020-10-31T13:18:31.013Z
-7662145298129301662 2035238680324163513 -2956521778278367778 7 102 0 2020-10-31T13:18:31.013Z
2079704552334532974 2035238680324163513 -5018655402938426813 7 142 0 2020-10-31T13:18:31.013Z
-8265707567668400644 -2503590376904006411 2035238680324163513 14 161 0 2020-10-31T13:18:31.013Z
-6697543448763898838 2035238680324163513 6804442166688657304 7 104 0 2020-10-31T13:18:31.013Z
2843978683877848421 2035238680324163513 7706995888831316656 7 110 0 2020-10-31T13:18:31.013Z
-3577959177205901479 2035238680324163513 5806730739520748195 7 118 0 2020-10-31T13:18:31.013Z
-7234300074067868272 2035238680324163513 4695700213058004365 7 112 0 2020-10-31T13:18:31.013Z
-1863374767453155555 2035238680324163513 3554891087412779651 7 188 0 2020-10-31T13:18:31.013Z
-5861170536298235146 7152010050593362759 2035238680324163513 14 139 0 2020-10-31T13:18:31.013Z
3879417513993018650 2035238680324163513 8336341963951988906 7 128 0 2020-10-31T13:18:31.013Z
-3343751811212553617 2035238680324163513 -2503590376904006411 7 160 0 2020-10-31T13:18:31.013Z
1643545149067638678 -3026382794121619718 -1716778767635066770 3 205 0 2020-10-31T13:18:31.013Z
-5030739188248721674 2035238680324163513 1639268503569459464 7 136 0 2020-10-31T13:18:31.013Z
-1573382881330693840 2035238680324163513 5672457050781853629 7 114 0 2020-10-31T13:18:31.013Z
-5223021112446219251 3010205171714125741 -3026382794121619718 3 199 0 2020-10-31T13:18:31.013Z
9106340969865577628 5168767064094682656 2035238680324163513 14 185 0 2020-10-31T13:18:31.013Z
3922410045379856020 2035238680324163513 -7711141586051013107 7 122 0 2020-10-31T13:18:31.013Z
6643823124885604751 -3026382794121619718 4925212482745864060 7 223 0 2020-10-31T13:18:31.013Z
-5065615556359056811 2035238680324163513 4772641855343380032 7 152 0 2020-10-31T13:18:31.013Z
-2218200467772216994 2035238680324163513 -3786362010330676431 7 116 0 2020-10-31T13:18:31.013Z
511460269651292845 6804442166688657304 2035238680324163513 14 143 0 2020-10-31T13:18:31.013Z
-7321759647363963262 2156523275847675306 2035238680324163513 14 159 0 2020-10-31T13:18:31.013Z
-3246008650207148532 3010205171714125741 3010205171714125741 3 196 0 2020-10-31T13:18:31.013Z
-838315519555492098 -2956521778278367778 2035238680324163513 14 141 0 2020-10-31T13:18:31.013Z
-4310396691319356308 2035238680324163513 -6972646845868528670 7 138 0 2020-10-31T13:18:31.013Z
8276118708386856406 2035238680324163513 -4945617448497608429 7 144 0 2020-10-31T13:18:31.013Z
-3359570098926157326 2035238680324163513 3290423760934885141 7 146 0 2020-10-31T13:18:31.013Z
-4619813881174386152 2035238680324163513 8815311016034266439 7 148 0 2020-10-31T13:18:31.013Z
-8204466258921318524 2035238680324163513 -2907151526984375262 7 168 0 2020-10-31T13:18:31.013Z
7034921221750507481 4695700213058004365 2035238680324163513 14 149 0 2020-10-31T13:18:31.013Z
1552495186673498015 2035238680324163513 5168767064094682656 7 150 0 2020-10-31T13:18:31.013Z
6006407023025626063 -5018655402938426813 2035238680324163513 14 151 0 2020-10-31T13:18:31.013Z
-8261764862356887584 2035238680324163513 3049245628432931229 7 140 0 2020-10-31T13:18:31.013Z
1730800798313890171 2035238680324163513 -3779245703808428533 7 154 0 2020-10-31T13:18:31.013Z
2938859499786333613 2035238680324163513 2156523275847675306 7 158 0 2020-10-31T13:18:31.013Z
-396466702509296371 2035238680324163513 -2454892885140166343 7 164 0 2020-10-31T13:18:31.013Z
-6479087901190637563 2035238680324163513 7498092279288240195 7 170 0 2020-10-31T13:18:31.013Z
3936815646969686487 -8101234613412327663 -3026382794121619718 14 201 0 2020-10-31T13:18:31.013Z
2564371481220892193 2035238680324163513 -4399784793295395368 7 120 0 2020-10-31T13:18:31.013Z
-4777731740357540825 2035238680324163513 -5624820421663453412 7 156 0 2020-10-31T13:18:31.013Z
-3303713227281478072 2035238680324163513 -2510588030216535784 7 172 0 2020-10-31T13:18:31.013Z
