59
-1716778767635066770 0
-2975986158103972530 1
3010205171714125741 2
8141646094633299845 3
2035238680324163513 4
-3026382794121619718 5
-3717709318484422177 6
658055069924950398 7
-5018655402938426813 8
-6972646845868528670 9
-6131898110744566805 10
7152010050593362759 11
4925212482745864060 12
5730711817006092193 13
-2907875895779431358 14
-7711141586051013107 15
5577538892647823156 16
-4399784793295395368 17
3049245628432931229 18
1639268503569459464 19
2694044209419385905 20
-3786362010330676431 21
885869836608404721 22
8336341963951988906 23
3554891087412779651 24
1045691185749475663 25
469330092667491253 26
7706995888831316656 27
-2510588030216535784 28
5806730739520748195 29
6804442166688657304 30
-4945617448497608429 31
5672457050781853629 32
5336819771939737673 33
-2956521778278367778 34
4695700213058004365 35
8815311016034266439 36
-3779245703808428533 37
-174717277757027484 38
5168767064094682656 39
3165486009743820898 40
4772641855343380032 41
-5624820421663453412 42
3290423760934885141 43
2156523275847675306 44
-2503590376904006411 45
-7296300120754750686 46
-2454892885140166343 47
1608806621831266974 48
7927476602468721692 49
-2907151526984375262 50
7498092279288240195 51
5374979080791212823 52
-4449743243455640118 53
-4944173875500294713 54
6890386968354594278 55
-8101234613412327663 56
4205624391875137184 57
6868190886987276709 58