74
5 20 7
5 6 7
5 7 7
5 56 7
1 2 3
1 38 7
4 54 7
16 4 14
4 16 7
32 4 14
4 10 7
4 58 7
4 57 7
4 55 7
42 4 14
5 25 7
4 40 7
4 49 7
4 52 7
19 4 14
4 53 7
4 11 7
4 22 7
4 13 7
46 4 14
22 4 14
4 33 7
4 14 7
53 4 14
4 48 7
48 4 14
4 26 7
4 46 7
4 34 7
4 8 7
45 4 14
4 30 7
4 27 7
4 29 7
4 35 7
4 24 7
11 4 14
4 23 7
4 45 7
5 0 3
4 19 7
4 32 7
2 5 3
39 4 14
4 15 7
5 12 7
4 41 7
4 21 7
30 4 14
44 4 14
2 2 3
34 4 14
4 9 7
4 31 7
4 43 7
4 36 7
4 50 7
35 4 14
4 39 7
8 4 14
4 18 7
4 37 7
4 44 7
4 47 7
4 51 7
56 5 14
4 17 7
4 42 7
4 28 7