80
1893425751588638075 6089493423217453249 -7255451788167329939 7 96 0 2020-10-31T13:18:31.013Z
941857070191972189 6089493423217453249 -5217195513446307368 7 94 0 2020-10-31T13:18:31.013Z
-3810227107073113243 -7647265329419875349 3227350863031979972 7 88 0 2020-10-31T13:18:31.013Z
-7633707213915199937 -7647265329419875349 2163871992462781370 7 84 0 2020-10-31T13:18:31.013Z
-2118736838966445877 -7647265329419875349 -2367084756761487476 7 82 0 2020-10-31T13:18:31.013Z
835742903482079186 -7647265329419875349 -7647265329419875349 3 89 0 2020-10-31T13:18:31.013Z
4156364657673284946 -7647265329419875349 -7647265329419875349 3 81 0 2020-10-31T13:18:31.013Z
7538452570717393415 -7647265329419875349 -7647265329419875349 3 77 0 2020-10-31T13:18:31.013Z
-9012984754451504780 -7647265329419875349 -7647265329419875349 3 75 0 2020-10-31T13:18:31.013Z
-3070630032421340562 -7647265329419875349 -7647265329419875349 3 71 0 2020-10-31T13:18:31.013Z
4289192847515100684 -7647265329419875349 -3348853990345209114 7 80 0 2020-10-31T13:18:31.013Z
-585531061523540158 -7647265329419875349 -7647265329419875349 3 79 0 2020-10-31T13:18:31.013Z
4907362316263455698 -7647265329419875349 -7247532912707204162 7 72 0 2020-10-31T13:18:31.013Z
3114405989606232624 -7647265329419875349 -7893213926039961153 7 70 0 2020-10-31T13:18:31.013Z
7030047285166717139 -7647265329419875349 -7647265329419875349 3 67 0 2020-10-31T13:18:31.013Z
1815607852918548263 -7647265329419875349 23378627171035467 7 66 0 2020-10-31T13:18:31.013Z
6320087330412739055 -7647265329419875349 -7647265329419875349 3 63 0 2020-10-31T13:18:31.013Z
7563116686932286287 -7647265329419875349 -8056281295866110948 7 60 0 2020-10-31T13:18:31.013Z
-2461693147303022625 -7647265329419875349 8691331312126345294 7 27 0 2020-10-31T13:18:31.013Z
1956669193736636310 -7647265329419875349 -7647265329419875349 3 15 0 2020-10-31T13:18:31.013Z
8335576853130489584 -7647265329419875349 -7647265329419875349 3 26 0 2020-10-31T13:18:31.013Z
-2490445411235364401 6089493423217453249 2875876178902896938 3 4 0 2020-10-31T13:18:31.013Z
3248076986800103838 -7647265329419875349 -7858737199692790400 7 74 0 2020-10-31T13:18:31.013Z
6327321695045382564 8404152645330460346 -7647265329419875349 14 24 0 2020-10-31T13:18:31.013Z
6699350733254084157 6089493423217453249 -3717709318484422177 7 90 0 2020-10-31T13:18:31.013Z
306228697600816315 -7647265329419875349 8870166810424911173 7 25 0 2020-10-31T13:18:31.013Z
9211167010064174956 -7647265329419875349 7578623499642548099 7 19 0 2020-10-31T13:18:31.013Z
1643463330766395790 -7647265329419875349 5115513781298935088 7 62 0 2020-10-31T13:18:31.013Z
-6475816912569449500 -7647265329419875349 -7647265329419875349 3 18 0 2020-10-31T13:18:31.013Z
-6756197906781907208 2875876178902896938 -2563313591070814295 3 7 0 2020-10-31T13:18:31.013Z
-2052596571179242260 2875876178902896938 8743508234068820554 7 5 0 2020-10-31T13:18:31.013Z
433212475243525956 -7647265329419875349 -7647265329419875349 3 49 0 2020-10-31T13:18:31.013Z
-3365490914308670498 6089493423217453249 5540577356167309650 7 2 0 2020-10-31T13:18:31.013Z
4252480378970404076 -7647265329419875349 8723205682627721497 7 21 0 2020-10-31T13:18:31.013Z
2787430291418946845 -7647265329419875349 -7647265329419875349 3 13 0 2020-10-31T13:18:31.013Z
-5714771751187974684 -7647265329419875349 -7647265329419875349 3 57 0 2020-10-31T13:18:31.013Z
2599473207484657368 -7647265329419875349 -8899712852821143429 7 14 0 2020-10-31T13:18:31.013Z
-3593737860037654070 -7647265329419875349 -7647265329419875349 3 73 0 2020-10-31T13:18:31.013Z
-5799673834702470410 -7647265329419875349 8297918242416253894 7 29 0 2020-10-31T13:18:31.013Z
-214794125465000308 -7647265329419875349 -7647265329419875349 3 85 0 2020-10-31T13:18:31.013Z
2178107625633924101 2875876178902896938 356673943554390113 7 8 0 2020-10-31T13:18:31.013Z
-5369705811033855310 -7647265329419875349 -7647265329419875349 3 59 0 2020-10-31T13:18:31.013Z
-3564767688615496946 -7647265329419875349 8404152645330460346 7 23 0 2020-10-31T13:18:31.013Z
5405478982536904923 -7647265329419875349 -7774041772645548658 7 37 0 2020-10-31T13:18:31.013Z
1829329383030553114 -7647265329419875349 3026129194365911213 7 12 0 2020-10-31T13:18:31.013Z
1758830543356335267 2875876178902896938 -7647265329419875349 3 9 0 2020-10-31T13:18:31.013Z
-2667117693494440590 -7647265329419875349 -7647265329419875349 3 20 0 2020-10-31T13:18:31.013Z
-9120168849480100677 -7647265329419875349 -7647265329419875349 3 61 0 2020-10-31T13:18:31.013Z
9153663512566701601 -7647265329419875349 -6629396824773957347 7 17 0 2020-10-31T13:18:31.013Z
-2812390069670609775 -7647265329419875349 -7647265329419875349 3 11 0 2020-10-31T13:18:31.013Z
-94812638087578652 -7647265329419875349 -7647265329419875349 3 30 0 2020-10-31T13:18:31.013Z
3543185275877870149 -7647265329419875349 5817485422265362090 7 35 0 2020-10-31T13:18:31.013Z
-4146549447332232316 -7647265329419875349 -7647265329419875349 3 28 0 2020-10-31T13:18:31.013Z
8871136237131358175 -7647265329419875349 3793607117168696168 7 31 0 2020-10-31T13:18:31.013Z
7174751254644517616 -7647265329419875349 6554398402280438816 7 78 0 2020-10-31T13:18:31.013Z
5660070827047001550 -7647265329419875349 -525689777062318565 7 68 0 2020-10-31T13:18:31.013Z
6543690685032300574 -7647265329419875349 -7647265329419875349 3 47 0 2020-10-31T13:18:31.013Z
-139218845069706704 -7647265329419875349 8451678114973755589 7 33 0 2020-10-31T13:18:31.013Z
-1221655441151753733 -7647265329419875349 -7647265329419875349 3 55 0 2020-10-31T13:18:31.013Z
1150347861779732874 6089493423217453249 -4970872601502713286 7 92 0 2020-10-31T13:18:31.013Z
-5777845823304432864 -7647265329419875349 -7647265329419875349 3 34 0 2020-10-31T13:18:31.013Z
7616887360190834185 -7647265329419875349 -7647265329419875349 3 36 0 2020-10-31T13:18:31.013Z
-9022610681446366359 -7647265329419875349 1880159692679625563 7 39 0 2020-10-31T13:18:31.013Z
-6129909819396149262 -7647265329419875349 1539477111124913928 7 58 0 2020-10-31T13:18:31.013Z
4107400611777057977 -7647265329419875349 -1730503747409361005 7 42 0 2020-10-31T13:18:31.013Z
-6992166735149459489 -7647265329419875349 -554073776838610464 7 76 0 2020-10-31T13:18:31.013Z
2777418171023192656 -7647265329419875349 -6471727536310929810 7 52 0 2020-10-31T13:18:31.013Z
-7636175336523749145 -7647265329419875349 -7532660603132708097 7 44 0 2020-10-31T13:18:31.013Z
9086866626129201718 -7647265329419875349 7048594718640176820 7 46 0 2020-10-31T13:18:31.013Z
572592321477065310 -7647265329419875349 -7647265329419875349 3 43 0 2020-10-31T13:18:31.013Z
7073889158318423955 -7647265329419875349 7654092029166015375 7 54 0 2020-10-31T13:18:31.013Z
5953614913556024172 -7647265329419875349 -4527700672231420509 7 48 0 2020-10-31T13:18:31.013Z
-5227707357973451763 -7647265329419875349 -8707247436007099417 7 86 0 2020-10-31T13:18:31.013Z
-1880559487268289355 -1876579090722272189 3086697522161049185 7 0 0 2020-10-31T13:18:31.013Z
-1233188226577624574 -7647265329419875349 7611314867934499230 7 50 0 2020-10-31T13:18:31.013Z
-8392817020714862997 -7647265329419875349 4132168723747606198 7 10 0 2020-10-31T13:18:31.013Z
-5314222024069285825 -7647265329419875349 -7647265329419875349 3 53 0 2020-10-31T13:18:31.013Z
-8281918437282672636 -7647265329419875349 -7647265329419875349 3 51 0 2020-10-31T13:18:31.013Z
2427655888390789453 -7647265329419875349 7139084340765006904 7 64 0 2020-10-31T13:18:31.013Z
-3382737585936129894 -7647265329419875349 6348962070664763391 7 56 0 2020-10-31T13:18:31.013Z
