52
-2563313591070814295 0
2875876178902896938 1
6089493423217453249 2
-7647265329419875349 3
-1876579090722272189 4
-2367084756761487476 5
6554398402280438816 6
-7858737199692790400 7
-7247532912707204162 8
-7893213926039961153 9
-3717709318484422177 10
7139084340765006904 11
-8056281295866110948 12
1539477111124913928 13
6348962070664763391 14
-5217195513446307368 15
7654092029166015375 16
-6471727536310929810 17
7611314867934499230 18
-4970872601502713286 19
-4527700672231420509 20
3227350863031979972 21
7578623499642548099 22
-6629396824773957347 23
-8707247436007099417 24
8691331312126345294 25
23378627171035467 26
8404152645330460346 27
8297918242416253894 28
3793607117168696168 29
-8899712852821143429 30
-554073776838610464 31
5540577356167309650 32
3086697522161049185 33
4132168723747606198 34
-7532660603132708097 35
-525689777062318565 36
5115513781298935088 37
8743508234068820554 38
-3348853990345209114 39
8870166810424911173 40
356673943554390113 41
-1730503747409361005 42
3026129194365911213 43
8451678114973755589 44
8723205682627721497 45
7048594718640176820 46
5817485422265362090 47
-7255451788167329939 48
2163871992462781370 49
-7774041772645548658 50
1880159692679625563 51