52
-2563313591070814295 1
2875876178902896938 1
6089493423217453249 1
-7647265329419875349 1
-1876579090722272189 1
-2367084756761487476 2
6554398402280438816 2
-7858737199692790400 2
-7247532912707204162 2
-7893213926039961153 2
-3717709318484422177 2
7139084340765006904 2
-8056281295866110948 2
1539477111124913928 2
6348962070664763391 2
-5217195513446307368 2
7654092029166015375 2
-6471727536310929810 2
7611314867934499230 2
-4970872601502713286 2
-4527700672231420509 2
3227350863031979972 2
7578623499642548099 2
-6629396824773957347 2
-8707247436007099417 2
8691331312126345294 2
23378627171035467 2
8404152645330460346 2
8297918242416253894 2
3793607117168696168 2
-8899712852821143429 2
-554073776838610464 2
5540577356167309650 2
3086697522161049185 2
4132168723747606198 2
-7532660603132708097 2
-525689777062318565 2
5115513781298935088 2
8743508234068820554 2
-3348853990345209114 2
8870166810424911173 2
356673943554390113 2
-1730503747409361005 2
3026129194365911213 2
8451678114973755589 2
8723205682627721497 2
7048594718640176820 2
5817485422265362090 2
-7255451788167329939 2
2163871992462781370 2
-7774041772645548658 2
1880159692679625563 2
