80
2 48 7
2 15 7
3 21 7
3 49 7
3 5 7
3 3 3
3 3 3
3 3 3
3 3 3
3 3 3
3 39 7
3 3 3
3 8 7
3 9 7
3 3 3
3 26 7
3 3 3
3 12 7
3 25 7
3 3 3
3 3 3
2 1 3
3 7 7
27 3 14
2 10 7
3 40 7
3 22 7
3 37 7
3 3 3
1 0 3
1 38 7
3 3 3
2 32 7
3 45 7
3 3 3
3 3 3
3 30 7
3 3 3
3 28 7
3 3 3
1 41 7
3 3 3
3 27 7
3 50 7
3 43 7
1 3 3
3 3 3
3 3 3
3 23 7
3 3 3
3 3 3
3 47 7
3 3 3
3 29 7
3 6 7
3 36 7
3 3 3
3 44 7
3 3 3
2 19 7
3 3 3
3 3 3
3 51 7
3 13 7
3 42 7
3 31 7
3 17 7
3 35 7
3 46 7
3 3 3
3 16 7
3 20 7
3 24 7
4 33 7
3 18 7
3 34 7
3 3 3
3 3 3
3 11 7
3 14 7