93
-8370215010264013979 8988384386520244962 -7517824657410646211 7 327 0 2020-10-31T13:18:31.013Z
-3130306280268658118 8988384386520244962 -1199986209659363696 7 321 0 2020-10-31T13:18:31.013Z
3354403701709689021 2068618868676031251 -7179749780655275235 7 296 0 2020-10-31T13:18:31.013Z
-4582633217506087277 -5219257908436558009 500585512766024302 7 286 0 2020-10-31T13:18:31.013Z
2534793030582411716 7879151465629095914 -5066874431287342094 3 281 0 2020-10-31T13:18:31.013Z
9155280663267669976 7879151465629095914 2289155095778825534 7 275 0 2020-10-31T13:18:31.013Z
3525781936620639301 7879151465629095914 500585512766024302 7 269 0 2020-10-31T13:18:31.013Z
-8932019714688379900 -2382773223512027494 5318231889744565707 7 262 0 2020-10-31T13:18:31.013Z
-8705426630700690691 1487314883141566174 2289155095778825534 7 311 0 2020-10-31T13:18:31.013Z
3179145663980373715 1850780483227128754 -2382773223512027494 14 258 0 2020-10-31T13:18:31.013Z
-6992040523509255978 7879151465629095914 8034540774041176609 7 279 0 2020-10-31T13:18:31.013Z
-2613132468331098149 -2382773223512027494 500585512766024302 7 254 0 2020-10-31T13:18:31.013Z
2160353456901178524 3793607117168696168 4515910159421491713 14 248 0 2020-10-31T13:18:31.013Z
-5803631223888263700 4515910159421491713 -791513015257195507 7 245 0 2020-10-31T13:18:31.013Z
7706152363155385086 4515910159421491713 -4758725227890658866 7 243 0 2020-10-31T13:18:31.013Z
455445962666905211 7094525492135537383 4515910159421491713 14 242 0 2020-10-31T13:18:31.013Z
-8767450193351233859 4515910159421491713 -2926660865646314167 7 241 0 2020-10-31T13:18:31.013Z
3930029605558074646 -2382773223512027494 -7969282874982661437 7 259 0 2020-10-31T13:18:31.013Z
1392596856914752102 4515910159421491713 5688047026888917466 7 239 0 2020-10-31T13:18:31.013Z
8977742275700661031 8988384386520244962 500585512766024302 7 319 0 2020-10-31T13:18:31.013Z
-285800080500941266 -2513579585361159818 4515910159421491713 14 238 0 2020-10-31T13:18:31.013Z
2576414411409735891 -6417693809056262196 6999723996620995432 7 301 0 2020-10-31T13:18:31.013Z
3726031373770687949 -2382773223512027494 -2328971309607800639 7 267 0 2020-10-31T13:18:31.013Z
-525660297585880960 4515910159421491713 5635496527712843355 7 233 0 2020-10-31T13:18:31.013Z
-2202990569781109042 -4419202093950616505 4515910159421491713 14 232 0 2020-10-31T13:18:31.013Z
-5804208077662334141 4515910159421491713 -8825498010086381817 7 195 0 2020-10-31T13:18:31.013Z
7946807614258812532 4515910159421491713 1538456134301979342 7 249 0 2020-10-31T13:18:31.013Z
8037918033508783396 4515910159421491713 6522033027353635021 7 181 0 2020-10-31T13:18:31.013Z
-3623617911986849699 4515910159421491713 5575938305557955703 7 183 0 2020-10-31T13:18:31.013Z
6302337517508910748 -6417693809056262196 500585512766024302 7 299 0 2020-10-31T13:18:31.013Z
-6892300301201287326 4515910159421491713 5176834975513543222 7 201 0 2020-10-31T13:18:31.013Z
8058350607253011548 -5219257908436558009 -7609311389225328541 7 288 0 2020-10-31T13:18:31.013Z
-7438110742354236854 4515910159421491713 -5679448582494918030 7 205 0 2020-10-31T13:18:31.013Z
-1647768814798421484 5276771402097133093 4515910159421491713 14 188 0 2020-10-31T13:18:31.013Z
-5175987627205964634 -5219257908436558009 2289155095778825534 7 290 0 2020-10-31T13:18:31.013Z
-1050714665189986218 4515910159421491713 164943622108463182 7 217 0 2020-10-31T13:18:31.013Z
8592924352893671408 4515910159421491713 1349670821450494822 7 175 0 2020-10-31T13:18:31.013Z
8555383721418854073 7610000101271910966 4515910159421491713 14 252 0 2020-10-31T13:18:31.013Z
-8704617313547793120 4515910159421491713 -5980866767841585154 7 171 0 2020-10-31T13:18:31.013Z
-4667702737735038118 4515910159421491713 -6506460064442133742 7 207 0 2020-10-31T13:18:31.013Z
5855204337622962728 -2382773223512027494 2289155095778825534 7 265 0 2020-10-31T13:18:31.013Z
-3280754924026390864 4515910159421491713 -1114966402723172226 7 177 0 2020-10-31T13:18:31.013Z
3667187392939112067 4515910159421491713 -6736896462886754661 7 189 0 2020-10-31T13:18:31.013Z
-2589648534448879331 4515910159421491713 5336030629905567984 7 161 0 2020-10-31T13:18:31.013Z
5421050630916822486 4515910159421491713 7784523353252890204 7 155 0 2020-10-31T13:18:31.013Z
3551885025482895742 4515910159421491713 4450132134749092185 7 167 0 2020-10-31T13:18:31.013Z
-1437759072813416422 4515910159421491713 -4419202093950616505 7 169 0 2020-10-31T13:18:31.013Z
4796525800144223055 -2382773223512027494 1850780483227128754 7 256 0 2020-10-31T13:18:31.013Z
3443949314888949428 1571287875155298300 4515910159421491713 14 226 0 2020-10-31T13:18:31.013Z
-632761509404704888 4515910159421491713 7610000101271910966 7 251 0 2020-10-31T13:18:31.013Z
2411147237430128270 4515910159421491713 6472405619221695782 7 247 0 2020-10-31T13:18:31.013Z
-1596153154374053239 4515910159421491713 -2367084756761487476 7 165 0 2020-10-31T13:18:31.013Z
547177994341680615 7879151465629095914 1631280023890361751 7 271 0 2020-10-31T13:18:31.013Z
1046164850932297967 1538456134301979342 4515910159421491713 14 250 0 2020-10-31T13:18:31.013Z
-2067037139549180432 4515910159421491713 1048885115500161144 7 193 0 2020-10-31T13:18:31.013Z
1429663123841853242 5688047026888917466 4515910159421491713 14 240 0 2020-10-31T13:18:31.013Z
3214215792318928894 4515910159421491713 -6057977432077326973 7 221 0 2020-10-31T13:18:31.013Z
1648528584406057307 4515910159421491713 -303137615169097318 7 179 0 2020-10-31T13:18:31.013Z
8036168098818496904 4515910159421491713 -358631571081541646 7 153 0 2020-10-31T13:18:31.013Z
4317999664765564663 -6417693809056262196 2289155095778825534 7 303 0 2020-10-31T13:18:31.013Z
3924805155769866393 8592683532352502695 4515910159421491713 14 202 0 2020-10-31T13:18:31.013Z
-6848131293909519905 4515910159421491713 8592683532352502695 7 157 0 2020-10-31T13:18:31.013Z
-7187069833181321672 4515910159421491713 -1241793622328741217 7 231 0 2020-10-31T13:18:31.013Z
-7790643466004338950 1487314883141566174 500585512766024302 7 307 0 2020-10-31T13:18:31.013Z
6593906031972654308 4515910159421491713 962904689403953009 7 163 0 2020-10-31T13:18:31.013Z
-7137839844632635006 4515910159421491713 2121589702663781146 7 235 0 2020-10-31T13:18:31.013Z
-1182659939804309400 4515910159421491713 -8399730311999288147 7 197 0 2020-10-31T13:18:31.013Z
8524382156585017030 -6736896462886754661 4515910159421491713 14 196 0 2020-10-31T13:18:31.013Z
2813404287428719400 4515910159421491713 5276771402097133093 7 187 0 2020-10-31T13:18:31.013Z
-3041649197547293671 4515910159421491713 -2800224082496491079 7 173 0 2020-10-31T13:18:31.013Z
-768616005722555967 4515910159421491713 6042401895506315588 7 203 0 2020-10-31T13:18:31.013Z
2911934406679124549 4515910159421491713 -2382773223512027494 3 253 0 2020-10-31T13:18:31.013Z
-348212522330389732 4515910159421491713 -6135270968296977102 7 191 0 2020-10-31T13:18:31.013Z
-1095847173833494439 4515910159421491713 -1694049010019036037 7 199 0 2020-10-31T13:18:31.013Z
-3754946460803480212 -6506460064442133742 4515910159421491713 14 208 0 2020-10-31T13:18:31.013Z
1512428108446070616 4515910159421491713 3793607117168696168 7 209 0 2020-10-31T13:18:31.013Z
5631472344337337829 8988384386520244962 2289155095778825534 7 323 0 2020-10-31T13:18:31.013Z
2548211216213518945 4515910159421491713 2909169792395691447 7 211 0 2020-10-31T13:18:31.013Z
-4119988934640525414 4515910159421491713 7094525492135537383 7 159 0 2020-10-31T13:18:31.013Z
6515083009806869275 4515910159421491713 1127119655772326927 7 213 0 2020-10-31T13:18:31.013Z
8696561483756666556 4515910159421491713 3056937152912036536 7 215 0 2020-10-31T13:18:31.013Z
8240865431595045426 -2800224082496491079 4515910159421491713 14 204 0 2020-10-31T13:18:31.013Z
-3934277852169643843 4515910159421491713 -8713211327598653059 7 225 0 2020-10-31T13:18:31.013Z
5230345752806401509 1487314883141566174 6038473541109510313 7 309 0 2020-10-31T13:18:31.013Z
904061942110620383 4515910159421491713 1571287875155298300 7 185 0 2020-10-31T13:18:31.013Z
-7939012917204081564 962904689403953009 4515910159421491713 14 216 0 2020-10-31T13:18:31.013Z
2906266728968448516 4515910159421491713 -5609888469520359286 7 219 0 2020-10-31T13:18:31.013Z
8538515604669961365 -4724158269272423118 4515910159421491713 14 246 0 2020-10-31T13:18:31.013Z
5091684086261597241 4515910159421491713 -2513579585361159818 7 237 0 2020-10-31T13:18:31.013Z
-7411673748654348822 4515910159421491713 -4724158269272423118 7 223 0 2020-10-31T13:18:31.013Z
4320138227460072427 7879151465629095914 -3763989985252189070 7 273 0 2020-10-31T13:18:31.013Z
-1150687671957316694 4515910159421491713 7316347443647439329 7 227 0 2020-10-31T13:18:31.013Z
3086179717770790593 4515910159421491713 -8787588894293580440 7 229 0 2020-10-31T13:18:31.013Z
