84
7146601781909273930 0
8279917199715665074 1
1487314883141566174 2
-1895372388335133811 3
-8126461101687513147 4
5934801612261804871 5
-5066874431287342094 6
-2382773223512027494 7
-6417693809056262196 8
7765355963137956221 9
3949212449088782196 10
2068618868676031251 11
-8824170332984703265 12
-1163981158876802591 13
8988384386520244962 14
4515910159421491713 15
7879151465629095914 16
344958562774332166 17
-5219257908436558009 18
6038473541109510313 19
-7609311389225328541 20
-7179749780655275235 21
8034540774041176609 22
-3763989985252189070 23
1631280023890361751 24
-2328971309607800639 25
-7969282874982661437 26
7610000101271910966 27
-1199986209659363696 28
6522033027353635021 29
-303137615169097318 30
-5980866767841585154 31
7784523353252890204 32
5276771402097133093 33
-5679448582494918030 34
1349670821450494822 35
7094525492135537383 36
1538456134301979342 37
-358631571081541646 38
5575938305557955703 39
-8399730311999288147 40
-5609888469520359286 41
1571287875155298300 42
962904689403953009 43
5318231889744565707 44
8592683532352502695 45
-4758725227890658866 46
-1241793622328741217 47
-6135270968296977102 48
-2367084756761487476 49
5336030629905567984 50
-4419202093950616505 51
-6736896462886754661 52
-8787588894293580440 53
500585512766024302 54
-2800224082496491079 55
-6057977432077326973 56
-7517824657410646211 57
2121589702663781146 58
-1694049010019036037 59
-791513015257195507 60
5176834975513543222 61
6472405619221695782 62
6042401895506315588 63
-6506460064442133742 64
4450132134749092185 65
3793607117168696168 66
-4724158269272423118 67
2909169792395691447 68
1850780483227128754 69
-8825498010086381817 70
-2926660865646314167 71
1127119655772326927 72
6999723996620995432 73
3056937152912036536 74
2289155095778825534 75
164943622108463182 76
-8713211327598653059 77
7316347443647439329 78
1048885115500161144 79
5635496527712843355 80
5688047026888917466 81
-1114966402723172226 82
-2513579585361159818 83