84
7146601781909273930 1
8279917199715665074 1
1487314883141566174 1
-1895372388335133811 1
-8126461101687513147 1
5934801612261804871 1
-5066874431287342094 1
-2382773223512027494 1
-6417693809056262196 1
7765355963137956221 1
3949212449088782196 1
2068618868676031251 1
-8824170332984703265 1
-1163981158876802591 1
8988384386520244962 1
4515910159421491713 1
7879151465629095914 1
344958562774332166 1
-5219257908436558009 1
6038473541109510313 2
-7609311389225328541 2
-7179749780655275235 2
8034540774041176609 2
-3763989985252189070 2
1631280023890361751 2
-2328971309607800639 2
-7969282874982661437 2
7610000101271910966 2
-1199986209659363696 2
6522033027353635021 2
-303137615169097318 2
-5980866767841585154 2
7784523353252890204 2
5276771402097133093 2
-5679448582494918030 2
1349670821450494822 2
7094525492135537383 2
1538456134301979342 2
-358631571081541646 2
5575938305557955703 2
-8399730311999288147 2
-5609888469520359286 2
1571287875155298300 2
962904689403953009 2
5318231889744565707 2
8592683532352502695 2
-4758725227890658866 2
-1241793622328741217 2
-6135270968296977102 2
-2367084756761487476 2
5336030629905567984 2
-4419202093950616505 2
-6736896462886754661 2
-8787588894293580440 2
500585512766024302 2
-2800224082496491079 2
-6057977432077326973 2
-7517824657410646211 2
2121589702663781146 2
-1694049010019036037 2
-791513015257195507 2
5176834975513543222 2
6472405619221695782 2
6042401895506315588 2
-6506460064442133742 2
4450132134749092185 2
3793607117168696168 2
-4724158269272423118 2
2909169792395691447 2
1850780483227128754 2
-8825498010086381817 2
-2926660865646314167 2
1127119655772326927 2
6999723996620995432 2
3056937152912036536 2
2289155095778825534 2
164943622108463182 2
-8713211327598653059 2
7316347443647439329 2
1048885115500161144 2
5635496527712843355 2
5688047026888917466 2
-1114966402723172226 2
-2513579585361159818 2
