93
14 57 7
14 28 7
11 21 7
18 54 7
16 6 3
16 75 7
16 54 7
7 44 7
2 75 7
69 7 14
16 22 7
7 54 7
66 15 14
15 60 7
15 46 7
36 15 14
15 71 7
7 26 7
15 81 7
14 54 7
83 15 14
8 73 7
7 25 7
15 80 7
51 15 14
15 70 7
15 37 7
15 29 7
15 39 7
8 54 7
15 61 7
18 20 7
15 34 7
33 15 14
18 75 7
15 76 7
15 35 7
27 15 14
15 31 7
15 64 7
7 75 7
15 82 7
15 52 7
15 50 7
15 32 7
15 65 7
15 51 7
7 69 7
42 15 14
15 27 7
15 62 7
15 49 7
16 24 7
37 15 14
15 79 7
81 15 14
15 56 7
15 30 7
15 38 7
8 75 7
45 15 14
15 45 7
15 47 7
2 54 7
15 43 7
15 58 7
15 40 7
52 15 14
15 33 7
15 55 7
15 63 7
15 7 3
15 48 7
15 59 7
64 15 14
15 66 7
14 75 7
15 68 7
15 36 7
15 72 7
15 74 7
55 15 14
15 77 7
2 19 7
15 42 7
43 15 14
15 41 7
67 15 14
15 83 7
15 67 7
16 23 7
15 78 7
15 53 7