140
8498366144148151999 8471712034866513417 489111811641808336 7 374 0 2020-10-31T13:18:31.013Z
4267673092529838773 8471712034866513417 6794511879631153064 7 370 0 2020-10-31T13:18:31.013Z
-5294611261302081106 8471712034866513417 1587582482614114686 7 368 0 2020-10-31T13:18:31.013Z
164360476867988697 8471712034866513417 47237810126425776 7 364 0 2020-10-31T13:18:31.013Z
-2811113254621622758 8471712034866513417 8879561839860320972 16 358 0 2020-10-31T13:18:31.013Z
-410621594859782880 8471712034866513417 -4738169215301433094 16 353 0 2020-10-31T13:18:31.013Z
3856658678417728253 8471712034866513417 1413835382339627648 7 372 0 2020-10-31T13:18:31.013Z
9160755229434333396 8471712034866513417 -4738169215301433094 16 350 0 2020-10-31T13:18:31.013Z
-715058287221008123 8471712034866513417 -4738169215301433094 16 347 0 2020-10-31T13:18:31.013Z
-7305371024999944637 8471712034866513417 -4738169215301433094 16 344 0 2020-10-31T13:18:31.013Z
-8201828151532231752 8471712034866513417 -4842009595967763838 16 341 0 2020-10-31T13:18:31.013Z
-5442017337454934884 8471712034866513417 -6256456657985126407 16 338 0 2020-10-31T13:18:31.013Z
3128468761340559166 8471712034866513417 4399536314641524787 16 331 0 2020-10-31T13:18:31.013Z
6217011333079930988 8471712034866513417 -538177150237048855 7 327 0 2020-10-31T13:18:31.013Z
1077867772143340691 8471712034866513417 -6236749620428395691 7 325 0 2020-10-31T13:18:31.013Z
-6350727212899939041 8471712034866513417 -1588928048638714666 7 322 0 2020-10-31T13:18:31.013Z
5230296074783842670 8471712034866513417 454478236759602128 7 318 0 2020-10-31T13:18:31.013Z
-5341654028707321600 8471712034866513417 8672497442919069513 7 314 0 2020-10-31T13:18:31.013Z
7932266716256014091 8471712034866513417 -5342348570234697358 7 366 0 2020-10-31T13:18:31.013Z
6560225536792553326 8471712034866513417 -4826275269594773377 7 308 0 2020-10-31T13:18:31.013Z
7271299361161584905 8471712034866513417 -4852504751172555735 7 355 0 2020-10-31T13:18:31.013Z
-6497717622533181444 8471712034866513417 410262315618359978 16 306 0 2020-10-31T13:18:31.013Z
2409650140417263515 2403568547242862656 8471712034866513417 3 299 0 2020-10-31T13:18:31.013Z
-294224407480888789 2403568547242862656 4811759488476407983 7 292 0 2020-10-31T13:18:31.013Z
920585679970137386 5091531099454493674 3698028773807633784 7 297 0 2020-10-31T13:18:31.013Z
3465063398566808465 -8128694923755548720 2403568547242862656 14 291 0 2020-10-31T13:18:31.013Z
-4099798137207753657 2403568547242862656 -5044083763461832432 7 290 0 2020-10-31T13:18:31.013Z
5987241163949544963 2403568547242862656 -7852097286033638279 7 284 0 2020-10-31T13:18:31.013Z
5605137974000052756 8471712034866513417 410262315618359978 16 303 0 2020-10-31T13:18:31.013Z
-2511456804414265167 2403568547242862656 209399219974535491 7 282 0 2020-10-31T13:18:31.013Z
3253589304839587001 2403568547242862656 7471523821232328745 7 188 0 2020-10-31T13:18:31.013Z
8075375024784186980 -326106205668732827 8471712034866513417 14 363 0 2020-10-31T13:18:31.013Z
3881380907848716153 671267710252338689 5563922410212355046 7 134 0 2020-10-31T13:18:31.013Z
-5929526102043311841 671267710252338689 235397800206857811 7 178 0 2020-10-31T13:18:31.013Z
-8772626711834021944 671267710252338689 -5284950212864717804 7 176 0 2020-10-31T13:18:31.013Z
-1950750311258723202 2403568547242862656 -6463452646076061931 7 236 0 2020-10-31T13:18:31.013Z
-3520584905463940186 2403568547242862656 -8309903864077270121 7 264 0 2020-10-31T13:18:31.013Z
-977980246877423931 671267710252338689 1257255345673986950 7 166 0 2020-10-31T13:18:31.013Z
-3527873843496243798 2403568547242862656 4691985557983598619 7 214 0 2020-10-31T13:18:31.013Z
-3379156516907261079 8471712034866513417 -4842009595967763838 16 335 0 2020-10-31T13:18:31.013Z
6061273972675260032 19677759968150775 2403568547242862656 14 296 0 2020-10-31T13:18:31.013Z
7708799133358326524 5091531099454493674 -7065095552428948216 7 286 0 2020-10-31T13:18:31.013Z
6217175214855755056 2403568547242862656 8336084328629693116 7 222 0 2020-10-31T13:18:31.013Z
-4602182477555990440 2403568547242862656 5635496527712843355 7 226 0 2020-10-31T13:18:31.013Z
-8619499228702025963 671267710252338689 1797207725431666440 7 174 0 2020-10-31T13:18:31.013Z
-4517465321786381714 671267710252338689 -8201730382007962612 7 136 0 2020-10-31T13:18:31.013Z
3186689221123385093 2403568547242862656 -2367084756761487476 7 220 0 2020-10-31T13:18:31.013Z
-2890951651521870216 671267710252338689 5903343239735826289 7 164 0 2020-10-31T13:18:31.013Z
4248435204816715132 671267710252338689 53358170439181301 7 156 0 2020-10-31T13:18:31.013Z
3775208562540328161 671267710252338689 423399084756321783 7 158 0 2020-10-31T13:18:31.013Z
-1319933297195945718 671267710252338689 -7805255953250255502 7 154 0 2020-10-31T13:18:31.013Z
-8744073833179774161 671267710252338689 4306936867544283353 7 182 0 2020-10-31T13:18:31.013Z
-2991730584353934320 2403568547242862656 3970928914842338733 7 288 0 2020-10-31T13:18:31.013Z
-2477045655252643199 671267710252338689 -3960392572917493892 7 146 0 2020-10-31T13:18:31.013Z
-1209941259084358791 2403568547242862656 2094182649280268209 7 216 0 2020-10-31T13:18:31.013Z
-2471119725611968323 671267710252338689 6768496858987901681 7 148 0 2020-10-31T13:18:31.013Z
4553604075222062798 2403568547242862656 3268549485702156145 7 198 0 2020-10-31T13:18:31.013Z
-3893718643705936325 9076100620178853818 2403568547242862656 14 253 0 2020-10-31T13:18:31.013Z
-2997403488939395691 8471712034866513417 -4076192316611933582 7 320 0 2020-10-31T13:18:31.013Z
-14606856323959311 671267710252338689 6567847603917078025 7 144 0 2020-10-31T13:18:31.013Z
-2608077001560220171 5569147102080187892 2403568547242862656 14 241 0 2020-10-31T13:18:31.013Z
-6999395487539295090 671267710252338689 -6516347108950381644 7 162 0 2020-10-31T13:18:31.013Z
-7833046433339481261 858416802163779463 2403568547242862656 14 273 0 2020-10-31T13:18:31.013Z
-8792758150195629914 671267710252338689 -2865802637622068918 7 120 0 2020-10-31T13:18:31.013Z
2706591653365206886 671267710252338689 3704645306837423393 7 126 0 2020-10-31T13:18:31.013Z
-2919623462937976705 671267710252338689 6906805735871151904 7 112 0 2020-10-31T13:18:31.013Z
-4672617883210022921 671267710252338689 -40987900997416112 7 106 0 2020-10-31T13:18:31.013Z
-1107181766199268539 2403568547242862656 -4557250093687152947 7 204 0 2020-10-31T13:18:31.013Z
3490815176460678500 671267710252338689 5430746352589453215 7 110 0 2020-10-31T13:18:31.013Z
7752871469391013121 2403568547242862656 -3679825434321700370 7 206 0 2020-10-31T13:18:31.013Z
7854081579657484484 671267710252338689 8702361939818262634 7 102 0 2020-10-31T13:18:31.013Z
7609768152474744211 671267710252338689 -5589220928419433898 7 180 0 2020-10-31T13:18:31.013Z
-8915760490306280730 671267710252338689 -2008080549993596259 7 168 0 2020-10-31T13:18:31.013Z
-1746862079556375837 671267710252338689 33543872930399981 7 100 0 2020-10-31T13:18:31.013Z
-6547997029514048363 -1019503915479404526 671267710252338689 14 109 0 2020-10-31T13:18:31.013Z
1119399447244243686 671267710252338689 -5347630804365141791 7 114 0 2020-10-31T13:18:31.013Z
1567669931021418359 671267710252338689 -1019503915479404526 7 104 0 2020-10-31T13:18:31.013Z
-1095267571912582490 -5339934790452492687 671267710252338689 14 153 0 2020-10-31T13:18:31.013Z
5719679576107517702 2403568547242862656 -6937831233113184293 7 240 0 2020-10-31T13:18:31.013Z
7582474069859489896 671267710252338689 7919128242387659943 7 140 0 2020-10-31T13:18:31.013Z
-1630401441531287269 671267710252338689 4421933598257653733 7 170 0 2020-10-31T13:18:31.013Z
8163602392529273605 -8017362975714141836 2403568547242862656 14 281 0 2020-10-31T13:18:31.013Z
7434862987001747398 2403568547242862656 54150225966925643 7 250 0 2020-10-31T13:18:31.013Z
-7230054896298557249 2403568547242862656 1064876468276199675 7 208 0 2020-10-31T13:18:31.013Z
-1413632465648536619 2403568547242862656 7422054664126138325 7 270 0 2020-10-31T13:18:31.013Z
-1056532428776051025 2403568547242862656 -4321368863675514463 7 276 0 2020-10-31T13:18:31.013Z
3360082701947640566 671267710252338689 -3583264575620682706 7 152 0 2020-10-31T13:18:31.013Z
-5670945954371388307 2403568547242862656 -7829420694930975369 7 280 0 2020-10-31T13:18:31.013Z
2157850273917503391 8132338719042006921 2403568547242862656 14 251 0 2020-10-31T13:18:31.013Z
-9182838883822408893 2403568547242862656 4235998168740502648 7 186 0 2020-10-31T13:18:31.013Z
1143317007081829049 2403568547242862656 858416802163779463 7 184 0 2020-10-31T13:18:31.013Z
-6522320597098355766 3698028773807633784 5091531099454493674 14 298 0 2020-10-31T13:18:31.013Z
8955672707022118957 2403568547242862656 -1955869971881756184 7 132 0 2020-10-31T13:18:31.013Z
-2587338736978416135 2403568547242862656 3502247508244079323 7 130 0 2020-10-31T13:18:31.013Z
1867369104146278861 671267710252338689 -6254722493662106151 7 108 0 2020-10-31T13:18:31.013Z
2303251897207652220 671267710252338689 -4940485295816386405 7 138 0 2020-10-31T13:18:31.013Z
-2746952534122140034 671267710252338689 1078343031347006703 7 142 0 2020-10-31T13:18:31.013Z
8396766008525318462 671267710252338689 -5918715275471245058 7 172 0 2020-10-31T13:18:31.013Z
-6749541403541553133 671267710252338689 2939533551049550842 7 160 0 2020-10-31T13:18:31.013Z
3872476137500262469 2403568547242862656 -9115465618474098794 7 256 0 2020-10-31T13:18:31.013Z
-8216413127636129553 2403568547242862656 19677759968150775 7 295 0 2020-10-31T13:18:31.013Z
4169761406361575968 2403568547242862656 9076100620178853818 7 252 0 2020-10-31T13:18:31.013Z
-1190659835478039889 671267710252338689 -5339934790452492687 7 124 0 2020-10-31T13:18:31.013Z
-2755175491006851505 2403568547242862656 5569147102080187892 7 192 0 2020-10-31T13:18:31.013Z
5925506783449972734 2403568547242862656 -5135464293371810198 7 272 0 2020-10-31T13:18:31.013Z
-9097577676796763411 2403568547242862656 -8904130173384254205 7 202 0 2020-10-31T13:18:31.013Z
781631191496192494 8471712034866513417 -8896829175984521255 7 316 0 2020-10-31T13:18:31.013Z
8195486245218455478 2403568547242862656 -378732520617690506 7 210 0 2020-10-31T13:18:31.013Z
-6927249508328093086 2403568547242862656 689102468086756431 7 190 0 2020-10-31T13:18:31.013Z
-9176097666223458872 2403568547242862656 -3609799886383902693 7 212 0 2020-10-31T13:18:31.013Z
-1146601752060510737 2403568547242862656 4450132134749092185 7 232 0 2020-10-31T13:18:31.013Z
-2555862293968576129 2403568547242862656 8836186568894910676 7 218 0 2020-10-31T13:18:31.013Z
-4446818396079300911 2403568547242862656 -3641413648105655155 7 224 0 2020-10-31T13:18:31.013Z
7227857600684101611 2403568547242862656 4528069384278443369 7 228 0 2020-10-31T13:18:31.013Z
-838253635528090901 2403568547242862656 -4419202093950616505 7 230 0 2020-10-31T13:18:31.013Z
7451140651526302471 2403568547242862656 -5702358026291101760 7 234 0 2020-10-31T13:18:31.013Z
7033455351338997530 2403568547242862656 -8546493061319249693 7 260 0 2020-10-31T13:18:31.013Z
4065270577207224926 2403568547242862656 -3659996851848551552 7 238 0 2020-10-31T13:18:31.013Z
-2991964695187898801 8471712034866513417 -6256456657985126407 16 361 0 2020-10-31T13:18:31.013Z
-550202123685339260 2403568547242862656 -6722984174119174074 7 200 0 2020-10-31T13:18:31.013Z
-4637080699760201683 671267710252338689 -1873504504539094221 7 118 0 2020-10-31T13:18:31.013Z
-536809978695286152 2403568547242862656 5334575190759949790 7 194 0 2020-10-31T13:18:31.013Z
5426252750458155369 2403568547242862656 -326106205668732827 7 242 0 2020-10-31T13:18:31.013Z
-7694300653704399407 8471712034866513417 5899516494984699438 7 312 0 2020-10-31T13:18:31.013Z
-1596682276799269495 2403568547242862656 4707315620909343304 7 266 0 2020-10-31T13:18:31.013Z
974058126881916153 671267710252338689 -3351618057415926233 7 116 0 2020-10-31T13:18:31.013Z
-1401761739640187923 2403568547242862656 -6476645120891436956 7 244 0 2020-10-31T13:18:31.013Z
4316111197070531257 2403568547242862656 2119808430777318074 7 246 0 2020-10-31T13:18:31.013Z
1955431906360348047 8471712034866513417 -8621398681052778661 7 310 0 2020-10-31T13:18:31.013Z
5717173887072025425 671267710252338689 -52065943941305456 7 128 0 2020-10-31T13:18:31.013Z
-2642593808497861910 2403568547242862656 -8017362975714141836 7 248 0 2020-10-31T13:18:31.013Z
6402773393328297689 671267710252338689 1761757434406227765 7 150 0 2020-10-31T13:18:31.013Z
7785090209185932435 2403568547242862656 -6248440899098661684 7 254 0 2020-10-31T13:18:31.013Z
-2204967794265671436 2403568547242862656 904744579702558901 7 258 0 2020-10-31T13:18:31.013Z
-8794271660477107103 2403568547242862656 1526596631215174589 7 262 0 2020-10-31T13:18:31.013Z
-3499919236051983313 2403568547242862656 -8128694923755548720 7 268 0 2020-10-31T13:18:31.013Z
3193000025435524201 671267710252338689 5590948039921246100 7 122 0 2020-10-31T13:18:31.013Z
6693129259438352101 2403568547242862656 8132338719042006921 7 196 0 2020-10-31T13:18:31.013Z
9083721820572280277 2403568547242862656 -8537801788381044588 7 278 0 2020-10-31T13:18:31.013Z
2370936670883455868 2403568547242862656 -6063433380422776457 7 274 0 2020-10-31T13:18:31.013Z
