139
8471712034866513417 0
8174341926550788498 1
-8637295183115851606 2
7320400160211605401 3
671267710252338689 4
3805375453613253064 5
3857377875813986013 6
-1809581961350450110 7
-6806480296806817791 8
3749784207781554720 9
7338065699624268277 10
2403568547242862656 11
-8767852232018156156 12
2633935999205218305 13
3092978643625585728 14
4270303748944146355 15
5091531099454493674 16
489111811641808336 17
1413835382339627648 18
6794511879631153064 19
-5342348570234697358 20
-6236749620428395691 21
-1588928048638714666 22
454478236759602128 23
8672497442919069513 24
5899516494984699438 25
-8621398681052778661 26
-4826275269594773377 27
3698028773807633784 28
19677759968150775 29
53358170439181301 30
4306936867544283353 31
1257255345673986950 32
4707315620909343304 33
-5589220928419433898 34
-5044083763461832432 35
2939533551049550842 36
6567847603917078025 37
-7805255953250255502 38
1761757434406227765 39
6768496858987901681 40
-5339934790452492687 41
-5284950212864717804 42
-3351618057415926233 43
-5347630804365141791 44
-3583264575620682706 45
-1873504504539094221 46
7422054664126138325 47
6906805735871151904 48
423399084756321783 49
-4940485295816386405 50
-40987900997416112 51
-6516347108950381644 52
5903343239735826289 53
8702361939818262634 54
4421933598257653733 55
4235998168740502648 56
-3960392572917493892 57
-326106205668732827 58
-7065095552428948216 59
-6248440899098661684 60
7919128242387659943 61
235397800206857811 62
1797207725431666440 63
-2008080549993596259 64
47237810126425776 65
3970928914842338733 66
-6254722493662106151 67
-8128694923755548720 68
-5135464293371810198 69
5590948039921246100 70
904744579702558901 71
-8904130173384254205 72
-4419202093950616505 73
4811759488476407983 74
7471523821232328745 75
1078343031347006703 76
5430746352589453215 77
-4076192316611933582 78
-1955869971881756184 79
5334575190759949790 80
-4852504751172555735 81
-8309903864077270121 82
8132338719042006921 83
-3609799886383902693 84
33543872930399981 85
-6722984174119174074 86
-4557250093687152947 87
8336084328629693116 88
-3679825434321700370 89
-5918715275471245058 90
-1019503915479404526 91
54150225966925643 92
1064876468276199675 93
-378732520617690506 94
-2865802637622068918 95
-3659996851848551552 96
-538177150237048855 97
-7852097286033638279 98
858416802163779463 99
-8201730382007962612 100
4691985557983598619 101
-52065943941305456 102
2094182649280268209 103
8836186568894910676 104
-2367084756761487476 105
5635496527712843355 106
-3641413648105655155 107
5563922410212355046 108
-8017362975714141836 109
4528069384278443369 110
4450132134749092185 111
-6463452646076061931 112
-5702358026291101760 113
2119808430777318074 114
1587582482614114686 115
-8896829175984521255 116
-7829420694930975369 117
-6937831233113184293 118
689102468086756431 119
209399219974535491 120
3704645306837423393 121
9076100620178853818 122
-9115465618474098794 123
5569147102080187892 124
-8546493061319249693 125
1526596631215174589 126
-6063433380422776457 127
3502247508244079323 128
3268549485702156145 129
-6476645120891436956 130
-4321368863675514463 131
-8537801788381044588 132
-4738169215301433094 133
4399536314641524787 134
-6256456657985126407 135
8879561839860320972 136
410262315618359978 137
-4842009595967763838 138