15
0 17 19 115 65 136 133 18 133 133 133 138 135 134 97 21 22 23 24 20 27 81 137 137 138 78 116 135 25 26
11 0 74 35 98 120 75 112 82 101 88 106 105 66 103 129 87 89 118 92 93 47 131 117 56 99 79 128 123 29 122 124 69 72 94 119 84 111 104 107 110 73 113 125 96 86 80 58 33 130 114 109 60 71 126 68 83 132 127
16 28 59
68 11
58 0
4 108 62 42 32 63 100 53 30 49 38 31 57 40 37 52 95 121 48 51 77 54 34 64 85 44 91 61 55 45 67 50 76 90 36 41 46 43 102 39 70
29 11
122 11
124 11
99 11
91 4
41 4
109 11
83 11
28 16