139
8471712034866513417 1
8174341926550788498 1
-8637295183115851606 1
7320400160211605401 1
671267710252338689 1
3805375453613253064 1
3857377875813986013 1
-1809581961350450110 1
-6806480296806817791 1
3749784207781554720 1
7338065699624268277 1
2403568547242862656 1
-8767852232018156156 1
2633935999205218305 1
3092978643625585728 1
4270303748944146355 1
5091531099454493674 1
489111811641808336 2
1413835382339627648 2
6794511879631153064 2
-5342348570234697358 2
-6236749620428395691 2
-1588928048638714666 2
454478236759602128 2
8672497442919069513 2
5899516494984699438 2
-8621398681052778661 2
-4826275269594773377 2
3698028773807633784 2
19677759968150775 2
53358170439181301 2
4306936867544283353 2
1257255345673986950 2
4707315620909343304 2
-5589220928419433898 2
-5044083763461832432 2
2939533551049550842 2
6567847603917078025 2
-7805255953250255502 2
1761757434406227765 2
6768496858987901681 2
-5339934790452492687 2
-5284950212864717804 2
-3351618057415926233 2
-5347630804365141791 2
-3583264575620682706 2
-1873504504539094221 2
7422054664126138325 2
6906805735871151904 2
423399084756321783 2
-4940485295816386405 2
-40987900997416112 2
-6516347108950381644 2
5903343239735826289 2
8702361939818262634 2
4421933598257653733 2
4235998168740502648 2
-3960392572917493892 2
-326106205668732827 2
-7065095552428948216 2
-6248440899098661684 2
7919128242387659943 2
235397800206857811 2
1797207725431666440 2
-2008080549993596259 2
47237810126425776 2
3970928914842338733 2
-6254722493662106151 2
-8128694923755548720 2
-5135464293371810198 2
5590948039921246100 2
904744579702558901 2
-8904130173384254205 2
-4419202093950616505 2
4811759488476407983 2
7471523821232328745 2
1078343031347006703 2
5430746352589453215 2
-4076192316611933582 2
-1955869971881756184 2
5334575190759949790 2
-4852504751172555735 2
-8309903864077270121 2
8132338719042006921 2
-3609799886383902693 2
33543872930399981 2
-6722984174119174074 2
-4557250093687152947 2
8336084328629693116 2
-3679825434321700370 2
-5918715275471245058 2
-1019503915479404526 2
54150225966925643 2
1064876468276199675 2
-378732520617690506 2
-2865802637622068918 2
-3659996851848551552 2
-538177150237048855 2
-7852097286033638279 2
858416802163779463 2
-8201730382007962612 2
4691985557983598619 2
-52065943941305456 2
2094182649280268209 2
8836186568894910676 2
-2367084756761487476 2
5635496527712843355 2
-3641413648105655155 2
5563922410212355046 2
-8017362975714141836 2
4528069384278443369 2
4450132134749092185 2
-6463452646076061931 2
-5702358026291101760 2
2119808430777318074 2
1587582482614114686 2
-8896829175984521255 2
-7829420694930975369 2
-6937831233113184293 2
689102468086756431 2
209399219974535491 2
3704645306837423393 2
9076100620178853818 2
-9115465618474098794 2
5569147102080187892 2
-8546493061319249693 2
1526596631215174589 2
-6063433380422776457 2
3502247508244079323 2
3268549485702156145 2
-6476645120891436956 2
-4321368863675514463 2
-8537801788381044588 2
-4738169215301433094 3
4399536314641524787 3
-6256456657985126407 3
8879561839860320972 3
410262315618359978 3
-4842009595967763838 3
