140
0 17 7
0 19 7
0 115 7
0 65 7
0 136 16
0 133 16
0 18 7
0 133 16
0 133 16
0 133 16
0 138 16
0 135 16
0 134 16
0 97 7
0 21 7
0 22 7
0 23 7
0 24 7
0 20 7
0 27 7
0 81 7
0 137 16
11 0 3
11 74 7
16 28 7
68 11 14
11 35 7
11 98 7
0 137 16
11 120 7
11 75 7
58 0 14
4 108 7
4 62 7
4 42 7
11 112 7
11 82 7
4 32 7
11 101 7
0 138 16
29 11 14
16 59 7
11 88 7
11 106 7
4 63 7
4 100 7
11 105 7
4 53 7
4 30 7
4 49 7
4 38 7
4 31 7
11 66 7
4 57 7
11 103 7
4 40 7
11 129 7
122 11 14
0 78 7
4 37 7
124 11 14
4 52 7
99 11 14
4 95 7
4 121 7
4 48 7
4 51 7
11 87 7
4 77 7
11 89 7
4 54 7
4 34 7
4 64 7
4 85 7
91 4 14
4 44 7
4 91 7
41 4 14
11 118 7
4 61 7
4 55 7
109 11 14
11 92 7
11 93 7
11 47 7
11 131 7
4 45 7
11 117 7
83 11 14
11 56 7
11 99 7
28 16 14
11 79 7
11 128 7
4 67 7
4 50 7
4 76 7
4 90 7
4 36 7
11 123 7
11 29 7
11 122 7
4 41 7
11 124 7
11 69 7
11 72 7
0 116 7
11 94 7
11 119 7
11 84 7
11 111 7
11 104 7
11 107 7
11 110 7
11 73 7
11 113 7
11 125 7
11 96 7
0 135 16
11 86 7
4 46 7
11 80 7
11 58 7
0 25 7
11 33 7
4 43 7
11 130 7
11 114 7
0 26 7
4 102 7
11 109 7
4 39 7
11 60 7
11 71 7
11 126 7
11 68 7
4 70 7
11 83 7
11 132 7
11 127 7