141
-7404824498481187564 1587582482614114686 4291771029071322526 14 369 0 2020-10-31T13:18:31.013Z
-4196719480476252832 4291771029071322526 6794511879631153064 7 365 0 2020-10-31T13:18:31.013Z
-3900388182294168666 4291771029071322526 1587582482614114686 7 361 0 2020-10-31T13:18:31.013Z
4587075749057668831 4291771029071322526 1413835382339627648 7 363 0 2020-10-31T13:18:31.013Z
6375312051058120403 4291771029071322526 489111811641808336 7 359 0 2020-10-31T13:18:31.013Z
-321378959605626104 4291771029071322526 -4852504751172555735 7 357 0 2020-10-31T13:18:31.013Z
-8972632908289045743 4291771029071322526 -6708868324164713236 16 352 0 2020-10-31T13:18:31.013Z
-4089272023951444375 4291771029071322526 -6236749620428395691 7 345 0 2020-10-31T13:18:31.013Z
-2677149527582719750 4291771029071322526 3698028773807633784 7 339 0 2020-10-31T13:18:31.013Z
9213612510420791245 4291771029071322526 -5110771101580879604 7 337 0 2020-10-31T13:18:31.013Z
-4919711667736492925 4291771029071322526 3771063365561039094 16 335 0 2020-10-31T13:18:31.013Z
7076943861795601694 4291771029071322526 3771063365561039094 16 329 0 2020-10-31T13:18:31.013Z
-7741419860252931013 4291771029071322526 3771063365561039094 16 323 0 2020-10-31T13:18:31.013Z
7703161781176143060 4291771029071322526 -7693453873557714722 16 320 0 2020-10-31T13:18:31.013Z
374124875109238594 4291771029071322526 4887882505413574955 16 317 0 2020-10-31T13:18:31.013Z
1616225648099358239 4291771029071322526 47237810126425776 7 367 0 2020-10-31T13:18:31.013Z
205751016722043694 -7065095552428948216 4291771029071322526 14 314 0 2020-10-31T13:18:31.013Z
7133652858443464622 4291771029071322526 -7065095552428948216 7 313 0 2020-10-31T13:18:31.013Z
7431108331369197166 4291771029071322526 -8621398681052778661 7 311 0 2020-10-31T13:18:31.013Z
6289346624266039115 4291771029071322526 -1892102383249154892 7 309 0 2020-10-31T13:18:31.013Z
-2492896536809062617 4291771029071322526 4399536314641524787 16 303 0 2020-10-31T13:18:31.013Z
-8939534980150453446 4291771029071322526 8879561839860320972 16 300 0 2020-10-31T13:18:31.013Z
3950799680850364882 4291771029071322526 454478236759602128 7 297 0 2020-10-31T13:18:31.013Z
204854881023668132 4291771029071322526 5899516494984699438 7 295 0 2020-10-31T13:18:31.013Z
8821027207360466877 4291771029071322526 -2535392754709311062 16 293 0 2020-10-31T13:18:31.013Z
2254086078855267078 4291771029071322526 3771063365561039094 16 326 0 2020-10-31T13:18:31.013Z
723797858398369664 7471523821232328745 2403568547242862656 14 288 0 2020-10-31T13:18:31.013Z
-6691460119261259805 19677759968150775 2403568547242862656 14 287 0 2020-10-31T13:18:31.013Z
2204651174091290721 2403568547242862656 19677759968150775 7 286 0 2020-10-31T13:18:31.013Z
-8669126613071565282 54150225966925643 2403568547242862656 14 285 0 2020-10-31T13:18:31.013Z
8009878811653492944 4291771029071322526 -8896829175984521255 7 341 0 2020-10-31T13:18:31.013Z
3935082765230789288 2403568547242862656 -5044083763461832432 7 281 0 2020-10-31T13:18:31.013Z
-2609338139002492332 2403568547242862656 3970928914842338733 7 279 0 2020-10-31T13:18:31.013Z
-449663444804005036 4291771029071322526 -1588928048638714666 7 347 0 2020-10-31T13:18:31.013Z
-6810976706194645208 671267710252338689 4306936867544283353 7 175 0 2020-10-31T13:18:31.013Z
-1848119280738873624 -6516347108950381644 671267710252338689 14 164 0 2020-10-31T13:18:31.013Z
4560085391351012790 671267710252338689 -5918715275471245058 7 163 0 2020-10-31T13:18:31.013Z
-6417405637667702288 2403568547242862656 -6937831233113184293 7 233 0 2020-10-31T13:18:31.013Z
-6321693840459845815 671267710252338689 4421933598257653733 7 161 0 2020-10-31T13:18:31.013Z
-4261356289808226312 671267710252338689 6906805735871151904 7 105 0 2020-10-31T13:18:31.013Z
-6657585837453691247 5563922410212355046 671267710252338689 14 158 0 2020-10-31T13:18:31.013Z
4261879560944803952 671267710252338689 3118872560880061666 7 155 0 2020-10-31T13:18:31.013Z
-2030153350612556608 671267710252338689 -4940485295816386405 7 125 0 2020-10-31T13:18:31.013Z
7183654562799265967 671267710252338689 8702361939818262634 7 97 0 2020-10-31T13:18:31.013Z
3149523823312244153 671267710252338689 -5339934790452492687 7 113 0 2020-10-31T13:18:31.013Z
6567295523072671184 671267710252338689 -2008080549993596259 7 159 0 2020-10-31T13:18:31.013Z
-7545366989148546252 2403568547242862656 -6248440899098661684 7 247 0 2020-10-31T13:18:31.013Z
28281353009925490 671267710252338689 -1873504504539094221 7 109 0 2020-10-31T13:18:31.013Z
676683910463107421 2403568547242862656 3502247508244079323 7 117 0 2020-10-31T13:18:31.013Z
1057729794132258773 671267710252338689 -52065943941305456 7 115 0 2020-10-31T13:18:31.013Z
3522343923115963471 671267710252338689 -3351618057415926233 7 107 0 2020-10-31T13:18:31.013Z
460793915138419989 671267710252338689 -6516347108950381644 7 153 0 2020-10-31T13:18:31.013Z
2402719549042549585 671267710252338689 6567847603917078025 7 133 0 2020-10-31T13:18:31.013Z
-2360255435257104637 671267710252338689 -3368391414335432693 7 171 0 2020-10-31T13:18:31.013Z
3594133840376497283 2403568547242862656 54150225966925643 7 243 0 2020-10-31T13:18:31.013Z
-8039948611637402295 671267710252338689 2939533551049550842 7 151 0 2020-10-31T13:18:31.013Z
2206068004797495477 209399219974535491 2403568547242862656 14 282 0 2020-10-31T13:18:31.013Z
8927468692810290623 2403568547242862656 -1955869971881756184 7 119 0 2020-10-31T13:18:31.013Z
-8252571741767034829 2403568547242862656 904744579702558901 7 251 0 2020-10-31T13:18:31.013Z
8223268594029388980 671267710252338689 -5589220928419433898 7 169 0 2020-10-31T13:18:31.013Z
8783807040497513929 2403568547242862656 7471523821232328745 7 181 0 2020-10-31T13:18:31.013Z
-8825143861797124246 671267710252338689 -8201730382007962612 7 123 0 2020-10-31T13:18:31.013Z
-3442329688223421338 2403568547242862656 4691985557983598619 7 205 0 2020-10-31T13:18:31.013Z
-7811116109693810458 4291771029071322526 -6284631908417189315 16 355 0 2020-10-31T13:18:31.013Z
373924318752759247 671267710252338689 5590948039921246100 7 111 0 2020-10-31T13:18:31.013Z
-4875096773019545516 671267710252338689 -4029316984641119516 7 131 0 2020-10-31T13:18:31.013Z
-3902818618078881607 671267710252338689 1078343031347006703 7 129 0 2020-10-31T13:18:31.013Z
-2301060882491490739 671267710252338689 -6254722493662106151 7 101 0 2020-10-31T13:18:31.013Z
1754986332504209095 671267710252338689 5563922410212355046 7 121 0 2020-10-31T13:18:31.013Z
-8526272777701552840 3118872560880061666 671267710252338689 14 156 0 2020-10-31T13:18:31.013Z
2776012272871005377 2403568547242862656 -326106205668732827 7 235 0 2020-10-31T13:18:31.013Z
1170914752747807709 671267710252338689 33543872930399981 7 95 0 2020-10-31T13:18:31.013Z
3855096390342989802 671267710252338689 8439043698023244877 7 135 0 2020-10-31T13:18:31.013Z
-8871138653476624852 2403568547242862656 -8904130173384254205 7 195 0 2020-10-31T13:18:31.013Z
640957314411624123 2403568547242862656 -2367084756761487476 7 213 0 2020-10-31T13:18:31.013Z
4739968482424839838 2403568547242862656 -7852097286033638279 7 277 0 2020-10-31T13:18:31.013Z
-799780734493529597 671267710252338689 5430746352589453215 7 103 0 2020-10-31T13:18:31.013Z
3642317297957320853 671267710252338689 -3583264575620682706 7 143 0 2020-10-31T13:18:31.013Z
-6398663372406383800 2403568547242862656 2094182649280268209 7 209 0 2020-10-31T13:18:31.013Z
-8478511505483500586 671267710252338689 -1019503915479404526 7 99 0 2020-10-31T13:18:31.013Z
2045612562885907579 671267710252338689 1797207725431666440 7 165 0 2020-10-31T13:18:31.013Z
8204111001387482809 671267710252338689 7919128242387659943 7 127 0 2020-10-31T13:18:31.013Z
-5948567458613502279 2403568547242862656 -6722984174119174074 7 193 0 2020-10-31T13:18:31.013Z
-2992875859034305764 2403568547242862656 858416802163779463 7 177 0 2020-10-31T13:18:31.013Z
4155282793648116158 4291771029071322526 -4076192316611933582 7 343 0 2020-10-31T13:18:31.013Z
3332683914861891225 671267710252338689 1257255345673986950 7 157 0 2020-10-31T13:18:31.013Z
72992464693668894 671267710252338689 6768496858987901681 7 137 0 2020-10-31T13:18:31.013Z
5646852037275880534 671267710252338689 -6782620152726781265 7 139 0 2020-10-31T13:18:31.013Z
7445875152886876532 2403568547242862656 4291771029071322526 3 291 0 2020-10-31T13:18:31.013Z
2407559000634332649 2403568547242862656 2119808430777318074 7 239 0 2020-10-31T13:18:31.013Z
7963893868543569883 2403568547242862656 689102468086756431 7 183 0 2020-10-31T13:18:31.013Z
1726240085452636542 4691985557983598619 2403568547242862656 14 208 0 2020-10-31T13:18:31.013Z
-497930226115268213 2403568547242862656 8132338719042006921 7 189 0 2020-10-31T13:18:31.013Z
5349844764359354021 2403568547242862656 4811759488476407983 7 283 0 2020-10-31T13:18:31.013Z
-4491345277522703694 2403568547242862656 -6463452646076061931 7 229 0 2020-10-31T13:18:31.013Z
-3380772232462635802 671267710252338689 53358170439181301 7 145 0 2020-10-31T13:18:31.013Z
3053939422484331440 2403568547242862656 3268549485702156145 7 191 0 2020-10-31T13:18:31.013Z
7078814725662927944 4291771029071322526 3252714379359871792 7 305 0 2020-10-31T13:18:31.013Z
-7581465985814438243 -8017362975714141836 2403568547242862656 14 289 0 2020-10-31T13:18:31.013Z
-1143478557475890739 671267710252338689 8412969579908049151 7 149 0 2020-10-31T13:18:31.013Z
2209003879571088012 2403568547242862656 -4557250093687152947 7 197 0 2020-10-31T13:18:31.013Z
6160343106722938369 2403568547242862656 -3679825434321700370 7 199 0 2020-10-31T13:18:31.013Z
-8408850171075372915 2403568547242862656 -4321368863675514463 7 269 0 2020-10-31T13:18:31.013Z
4020182492511830985 2403568547242862656 5334575190759949790 7 187 0 2020-10-31T13:18:31.013Z
-4195020577379924498 2403568547242862656 1064876468276199675 7 201 0 2020-10-31T13:18:31.013Z
4507916912922303037 2403568547242862656 -378732520617690506 7 203 0 2020-10-31T13:18:31.013Z
-1761816992759617977 2403568547242862656 -3609799886383902693 7 207 0 2020-10-31T13:18:31.013Z
840128167836401822 671267710252338689 423399084756321783 7 147 0 2020-10-31T13:18:31.013Z
-4783097209741349960 2403568547242862656 8836186568894910676 7 211 0 2020-10-31T13:18:31.013Z
1434103348320291240 2403568547242862656 5635496527712843355 7 219 0 2020-10-31T13:18:31.013Z
-4974475868944473886 2403568547242862656 5569147102080187892 7 185 0 2020-10-31T13:18:31.013Z
1411672461493741598 2403568547242862656 4528069384278443369 7 221 0 2020-10-31T13:18:31.013Z
-3551056945546159273 2403568547242862656 -4419202093950616505 7 223 0 2020-10-31T13:18:31.013Z
-2753029259374165655 2403568547242862656 4450132134749092185 7 225 0 2020-10-31T13:18:31.013Z
1583127358551022283 2403568547242862656 -5702358026291101760 7 227 0 2020-10-31T13:18:31.013Z
-2782460022476690860 858416802163779463 2403568547242862656 14 266 0 2020-10-31T13:18:31.013Z
7153901227375875163 671267710252338689 235397800206857811 7 167 0 2020-10-31T13:18:31.013Z
7143614961532736189 671267710252338689 1761757434406227765 7 141 0 2020-10-31T13:18:31.013Z
4803926595319382365 2403568547242862656 -3659996851848551552 7 231 0 2020-10-31T13:18:31.013Z
-5542886154965146425 2403568547242862656 4707315620909343304 7 259 0 2020-10-31T13:18:31.013Z
-4824841212589092978 2403568547242862656 4235998168740502648 7 179 0 2020-10-31T13:18:31.013Z
4124479460408915249 2403568547242862656 -3641413648105655155 7 217 0 2020-10-31T13:18:31.013Z
1101974920797239499 2403568547242862656 -6476645120891436956 7 237 0 2020-10-31T13:18:31.013Z
-1793032381298891422 2403568547242862656 -8017362975714141836 7 241 0 2020-10-31T13:18:31.013Z
-3590633204692236214 671267710252338689 -5903617958469513111 7 173 0 2020-10-31T13:18:31.013Z
-2398832039988082596 2403568547242862656 9076100620178853818 7 245 0 2020-10-31T13:18:31.013Z
-3552467039814840680 2403568547242862656 -9115465618474098794 7 249 0 2020-10-31T13:18:31.013Z
-371958587012952243 2403568547242862656 8336084328629693116 7 215 0 2020-10-31T13:18:31.013Z
2386158288368340789 2403568547242862656 7422054664126138325 7 263 0 2020-10-31T13:18:31.013Z
-6547031383399816760 2403568547242862656 -8546493061319249693 7 253 0 2020-10-31T13:18:31.013Z
-4693985917697280205 2403568547242862656 1526596631215174589 7 255 0 2020-10-31T13:18:31.013Z
5751641417716327198 2403568547242862656 -8309903864077270121 7 257 0 2020-10-31T13:18:31.013Z
8539307960645923907 4291771029071322526 -5342348570234697358 7 307 0 2020-10-31T13:18:31.013Z
4287217647405892222 2403568547242862656 -8128694923755548720 7 261 0 2020-10-31T13:18:31.013Z
2003514488734839798 2403568547242862656 -5135464293371810198 7 265 0 2020-10-31T13:18:31.013Z
-6222603167340500896 2403568547242862656 -6063433380422776457 7 267 0 2020-10-31T13:18:31.013Z
-8550001703444913386 2403568547242862656 -8537801788381044588 7 271 0 2020-10-31T13:18:31.013Z
-1107766426891193045 -5135464293371810198 2403568547242862656 14 272 0 2020-10-31T13:18:31.013Z
-78915848228568185 2403568547242862656 -7829420694930975369 7 273 0 2020-10-31T13:18:31.013Z
-6943463539190491963 4291771029071322526 -7693453873557714722 16 332 0 2020-10-31T13:18:31.013Z
-8272284078073889462 2403568547242862656 209399219974535491 7 275 0 2020-10-31T13:18:31.013Z
