138
4291771029071322526 0
7338065699624268277 1
4270303748944146355 2
5091531099454493674 3
3092978643625585728 4
2633935999205218305 5
-6806480296806817791 6
3805375453613253064 7
3857377875813986013 8
-1809581961350450110 9
671267710252338689 10
-8767852232018156156 11
2403568547242862656 12
3749784207781554720 13
7320400160211605401 14
6794511879631153064 15
1413835382339627648 16
489111811641808336 17
-1588928048638714666 18
3698028773807633784 19
-5110771101580879604 20
-7065095552428948216 21
-8621398681052778661 22
-5342348570234697358 23
3252714379359871792 24
-1892102383249154892 25
454478236759602128 26
5334575190759949790 27
-4076192316611933582 28
-1955869971881756184 29
-4852504751172555735 30
-8309903864077270121 31
4306936867544283353 32
1257255345673986950 33
4707315620909343304 34
47237810126425776 35
3970928914842338733 36
-5589220928419433898 37
-5044083763461832432 38
2939533551049550842 39
1761757434406227765 40
-5339934790452492687 41
8412969579908049151 42
6567847603917078025 43
8439043698023244877 44
-3583264575620682706 45
-1873504504539094221 46
7422054664126138325 47
6906805735871151904 48
-6516347108950381644 49
-6782620152726781265 50
8702361939818262634 51
-6236749620428395691 52
-4029316984641119516 53
4421933598257653733 54
-3368391414335432693 55
-6248440899098661684 56
7919128242387659943 57
235397800206857811 58
5590948039921246100 59
904744579702558901 60
-3351618057415926233 61
4235998168740502648 62
6768496858987901681 63
1797207725431666440 64
-2008080549993596259 65
-6254722493662106151 66
-8128694923755548720 67
-5135464293371810198 68
5899516494984699438 69
-8904130173384254205 70
-4419202093950616505 71
4811759488476407983 72
7471523821232328745 73
1078343031347006703 74
5430746352589453215 75
423399084756321783 76
-4940485295816386405 77
8132338719042006921 78
-3609799886383902693 79
33543872930399981 80
-6722984174119174074 81
-4557250093687152947 82
8336084328629693116 83
-3679825434321700370 84
-5918715275471245058 85
-1019503915479404526 86
54150225966925643 87
1064876468276199675 88
-378732520617690506 89
-3659996851848551552 90
-7852097286033638279 91
858416802163779463 92
-8201730382007962612 93
4691985557983598619 94
-52065943941305456 95
2094182649280268209 96
8836186568894910676 97
-2367084756761487476 98
5635496527712843355 99
-3641413648105655155 100
5563922410212355046 101
-8017362975714141836 102
4528069384278443369 103
4450132134749092185 104
-6463452646076061931 105
-5702358026291101760 106
2119808430777318074 107
1587582482614114686 108
-8896829175984521255 109
-7829420694930975369 110
53358170439181301 111
19677759968150775 112
-6937831233113184293 113
689102468086756431 114
209399219974535491 115
-326106205668732827 116
9076100620178853818 117
3118872560880061666 118
-9115465618474098794 119
5569147102080187892 120
-8546493061319249693 121
1526596631215174589 122
-6063433380422776457 123
-5903617958469513111 124
3502247508244079323 125
3268549485702156145 126
-6476645120891436956 127
-4321368863675514463 128
-8537801788381044588 129
-6284631908417189315 130
-6708868324164713236 131
3771063365561039094 132
-2535392754709311062 133
4887882505413574955 134
4399536314641524787 135
8879561839860320972 136
-7693453873557714722 137