16
108 0
0 15 108 16 17 30 131 52 19 20 132 132 132 137 134 35 21 22 25 135 136 26 69 133 132 109 18 130 28 24 23 137
21 0
73 12
112 12
12 112 38 36 113 56 125 87 29 60 73 94 116 70 98 91 96 81 92 0 107 114 78 72 105 126 82 84 128 27 88 89 79 97 99 120 103 71 104 106 90 34 62 100 127 102 117 119 83 47 121 122 31 67 68 123 129 110 115
87 12
10 32 85 54 48 118 77 51 41 65 46 95 61 49 43 55 39 37 93 59 53 74 66 101 80 44 75 45 86 64 57 33 63 50 111 42 76 58 40 124
49 10
101 10
115 12
118 10
94 12
102 12
92 12
68 12