141
108 0 14
0 15 7
0 108 7
0 16 7
0 17 7
0 30 7
0 131 16
0 52 7
0 19 7
0 20 7
0 132 16
0 132 16
0 132 16
0 137 16
0 134 16
0 35 7
21 0 14
0 21 7
0 22 7
0 25 7
0 135 16
0 136 16
0 26 7
0 69 7
0 133 16
0 132 16
73 12 14
112 12 14
12 112 7
87 12 14
0 109 7
12 38 7
12 36 7
0 18 7
10 32 7
49 10 14
10 85 7
12 113 7
10 54 7
10 48 7
101 10 14
10 118 7
10 77 7
10 51 7
10 41 7
10 65 7
12 56 7
10 46 7
12 125 7
10 95 7
10 61 7
10 49 7
10 43 7
10 55 7
12 87 7
10 39 7
115 12 14
12 29 7
12 60 7
10 37 7
12 73 7
10 93 7
12 94 7
0 130 16
10 59 7
10 53 7
10 74 7
10 66 7
10 101 7
118 10 14
12 116 7
10 80 7
10 44 7
12 70 7
12 98 7
12 91 7
10 75 7
10 45 7
12 96 7
10 86 7
10 64 7
10 57 7
12 81 7
12 92 7
0 28 7
10 33 7
10 63 7
10 50 7
12 0 3
12 107 7
12 114 7
94 12 14
12 78 7
12 72 7
12 105 7
10 111 7
12 126 7
0 24 7
102 12 14
10 42 7
12 82 7
12 84 7
12 128 7
12 27 7
12 88 7
12 89 7
12 79 7
10 76 7
12 97 7
12 99 7
12 120 7
12 103 7
12 71 7
12 104 7
12 106 7
92 12 14
10 58 7
10 40 7
12 90 7
12 34 7
12 62 7
12 100 7
12 127 7
12 102 7
10 124 7
12 117 7
12 119 7
12 83 7
12 47 7
12 121 7
12 122 7
12 31 7
0 23 7
12 67 7
12 68 7
12 123 7
12 129 7
68 12 14
12 110 7
0 137 16
12 115 7