82
-3079323628117197823 2525371752994763249 7139084340765006904 7 93 0 2020-10-31T13:18:31.013Z
1714327260591862351 2525371752994763249 2525371752994763249 3 92 0 2020-10-31T13:18:31.013Z
-7604390578126894140 2525371752994763249 2163871992462781370 7 91 0 2020-10-31T13:18:31.013Z
2663345757915856777 2525371752994763249 1880159692679625563 7 89 0 2020-10-31T13:18:31.013Z
7805642391296338889 2525371752994763249 8451678114973755589 7 85 0 2020-10-31T13:18:31.013Z
3686033735299549340 2525371752994763249 2525371752994763249 3 82 0 2020-10-31T13:18:31.013Z
-2476991745295924976 2525371752994763249 -8899712852821143429 7 81 0 2020-10-31T13:18:31.013Z
7222773286223917012 2525371752994763249 2525371752994763249 3 78 0 2020-10-31T13:18:31.013Z
4379014113805641792 2525371752994763249 2525371752994763249 3 76 0 2020-10-31T13:18:31.013Z
-7043418098092568133 2525371752994763249 8297918242416253894 7 75 0 2020-10-31T13:18:31.013Z
7472611053812950605 2525371752994763249 2525371752994763249 3 72 0 2020-10-31T13:18:31.013Z
2613023643204040319 2525371752994763249 -1730503747409361005 7 71 0 2020-10-31T13:18:31.013Z
-7490577991768305179 2525371752994763249 2525371752994763249 3 70 0 2020-10-31T13:18:31.013Z
4401320147270891157 2525371752994763249 8691331312126345294 7 69 0 2020-10-31T13:18:31.013Z
-5394059299815228733 2525371752994763249 3026129194365911213 7 67 0 2020-10-31T13:18:31.013Z
-767086952868222705 2525371752994763249 -8056281295866110948 7 65 0 2020-10-31T13:18:31.013Z
-4822711151952739661 2525371752994763249 2525371752994763249 3 86 0 2020-10-31T13:18:31.013Z
1731517333528559361 2525371752994763249 2525371752994763249 3 68 0 2020-10-31T13:18:31.013Z
-6460312938904320357 -7532660603132708097 2525371752994763249 14 64 0 2020-10-31T13:18:31.013Z
591805387416184814 2525371752994763249 2525371752994763249 3 80 0 2020-10-31T13:18:31.013Z
-6385358013298587103 2525371752994763249 -554073776838610464 7 77 0 2020-10-31T13:18:31.013Z
-3301925697582263865 2525371752994763249 7611314867934499230 7 61 0 2020-10-31T13:18:31.013Z
-5673216905292583013 2525371752994763249 8870166810424911173 7 79 0 2020-10-31T13:18:31.013Z
-8369988708225318401 2525371752994763249 2525371752994763249 3 60 0 2020-10-31T13:18:31.013Z
-5709948388582179138 2525371752994763249 -7532660603132708097 7 63 0 2020-10-31T13:18:31.013Z
-2178042489915732427 2525371752994763249 6348962070664763391 7 59 0 2020-10-31T13:18:31.013Z
3989761673604656790 2525371752994763249 2525371752994763249 3 27 0 2020-10-31T13:18:31.013Z
8283202710784050224 -3435203297233346031 -4027424510611491889 7 6 0 2020-10-31T13:18:31.013Z
8193958020898783412 2525371752994763249 2525371752994763249 3 88 0 2020-10-31T13:18:31.013Z
5851458801129629815 2525371752994763249 -3348853990345209114 7 28 0 2020-10-31T13:18:31.013Z
184001662578829020 2525371752994763249 -7858737199692790400 7 83 0 2020-10-31T13:18:31.013Z
-6695369686995872872 2525371752994763249 2525371752994763249 3 35 0 2020-10-31T13:18:31.013Z
2794051616773341774 2525371752994763249 3227350863031979972 7 26 0 2020-10-31T13:18:31.013Z
4719109198737467848 2525371752994763249 2525371752994763249 3 62 0 2020-10-31T13:18:31.013Z
-469108789491334943 2525371752994763249 8723205682627721497 7 21 0 2020-10-31T13:18:31.013Z
-5048662604146815240 2525371752994763249 2525371752994763249 3 56 0 2020-10-31T13:18:31.013Z
2843696824241510382 2525371752994763249 -525689777062318565 7 95 0 2020-10-31T13:18:31.013Z
-2710693294752962683 2525371752994763249 7654092029166015375 7 30 0 2020-10-31T13:18:31.013Z
-5865425417495194240 2525371752994763249 2525371752994763249 3 50 0 2020-10-31T13:18:31.013Z
-4525692744933511469 8723205682627721497 2525371752994763249 14 22 0 2020-10-31T13:18:31.013Z
5167301415401039836 2525371752994763249 5540577356167309650 7 73 0 2020-10-31T13:18:31.013Z
-1880559487268289355 -1876579090722272189 3086697522161049185 7 0 0 2020-10-31T13:18:31.013Z
-4587173799896099828 2525371752994763249 23378627171035467 7 32 0 2020-10-31T13:18:31.013Z
-1610828565679458195 2525371752994763249 4132168723747606198 7 23 0 2020-10-31T13:18:31.013Z
5162480006145770334 2525371752994763249 -7893213926039961153 7 19 0 2020-10-31T13:18:31.013Z
8647185545137553459 -3435203297233346031 3793607117168696168 7 4 0 2020-10-31T13:18:31.013Z
-3689533485440964468 2525371752994763249 2525371752994763249 3 29 0 2020-10-31T13:18:31.013Z
6396311696595010269 -3435203297233346031 8743508234068820554 7 2 0 2020-10-31T13:18:31.013Z
-4812549571229648924 -3435203297233346031 -5727377217384377386 3 12 0 2020-10-31T13:18:31.013Z
-3521580433105283323 2525371752994763249 -4527700672231420509 7 34 0 2020-10-31T13:18:31.013Z
4889076992131091174 2525371752994763249 7578623499642548099 7 87 0 2020-10-31T13:18:31.013Z
-1180364678887747157 2525371752994763249 -6629396824773957347 7 53 0 2020-10-31T13:18:31.013Z
8872591271819442602 -5727377217384377386 -7630841862127222096 3 14 0 2020-10-31T13:18:31.013Z
-8010179169575538027 5540577356167309650 2525371752994763249 14 74 0 2020-10-31T13:18:31.013Z
6400876622178843632 -5727377217384377386 356673943554390113 7 15 0 2020-10-31T13:18:31.013Z
-7599846746482024139 2525371752994763249 -7774041772645548658 7 45 0 2020-10-31T13:18:31.013Z
-7025369918923522835 2525371752994763249 -6471727536310929810 7 55 0 2020-10-31T13:18:31.013Z
4138964665933191601 -3435203297233346031 4939365634190480285 7 10 0 2020-10-31T13:18:31.013Z
-8585044590594828610 2525371752994763249 6554398402280438816 7 17 0 2020-10-31T13:18:31.013Z
7519902313787018332 2525371752994763249 2525371752994763249 3 33 0 2020-10-31T13:18:31.013Z
-8694780490359380329 2525371752994763249 -2367084756761487476 7 36 0 2020-10-31T13:18:31.013Z
4379934332984886198 2525371752994763249 2525371752994763249 3 44 0 2020-10-31T13:18:31.013Z
-58405727155532111 2525371752994763249 -7247532912707204162 7 38 0 2020-10-31T13:18:31.013Z
7041125430068612583 2525371752994763249 2525371752994763249 3 20 0 2020-10-31T13:18:31.013Z
-87556619350303364 2525371752994763249 2525371752994763249 3 39 0 2020-10-31T13:18:31.013Z
6843179695431760893 2525371752994763249 2525371752994763249 3 24 0 2020-10-31T13:18:31.013Z
7630378066207468646 2525371752994763249 7048594718640176820 7 41 0 2020-10-31T13:18:31.013Z
-1554098992736681957 2525371752994763249 5817485422265362090 7 49 0 2020-10-31T13:18:31.013Z
7741161958593219229 2525371752994763249 2525371752994763249 3 42 0 2020-10-31T13:18:31.013Z
1802737016025184 2525371752994763249 2525371752994763249 3 84 0 2020-10-31T13:18:31.013Z
-4124530356283641403 2525371752994763249 5115513781298935088 7 43 0 2020-10-31T13:18:31.013Z
-5981466945510885737 -3435203297233346031 3189468483027619078 7 8 0 2020-10-31T13:18:31.013Z
481513688122254677 2525371752994763249 -8707247436007099417 7 47 0 2020-10-31T13:18:31.013Z
-3013226105798167003 2525371752994763249 2525371752994763249 3 66 0 2020-10-31T13:18:31.013Z
-7843392960528606818 -8707247436007099417 2525371752994763249 14 48 0 2020-10-31T13:18:31.013Z
9127096666150182155 2525371752994763249 8404152645330460346 7 51 0 2020-10-31T13:18:31.013Z
-5454312989561515699 -5727377217384377386 2525371752994763249 3 16 0 2020-10-31T13:18:31.013Z
-4888826322368222094 2525371752994763249 2525371752994763249 3 54 0 2020-10-31T13:18:31.013Z
4920412373291356763 2525371752994763249 1539477111124913928 7 57 0 2020-10-31T13:18:31.013Z
7328781590018936374 2525371752994763249 2525371752994763249 3 31 0 2020-10-31T13:18:31.013Z
-1660002606627874769 2525371752994763249 2525371752994763249 3 18 0 2020-10-31T13:18:31.013Z
8848173122067701503 2525371752994763249 2525371752994763249 3 58 0 2020-10-31T13:18:31.013Z
