51
2525371752994763249 0
-7630841862127222096 1
-5727377217384377386 2
-3435203297233346031 3
-1876579090722272189 4
7139084340765006904 5
1880159692679625563 6
8451678114973755589 7
-7858737199692790400 8
-8899712852821143429 9
-554073776838610464 10
5540577356167309650 11
-1730503747409361005 12
3026129194365911213 13
-8056281295866110948 14
-7532660603132708097 15
7611314867934499230 16
6348962070664763391 17
1539477111124913928 18
-6629396824773957347 19
4132168723747606198 20
-7893213926039961153 21
7578623499642548099 22
3227350863031979972 23
356673943554390113 24
3086697522161049185 25
4939365634190480285 26
-4027424510611491889 27
2163871992462781370 28
-7774041772645548658 29
5817485422265362090 30
3189468483027619078 31
3793607117168696168 32
8691331312126345294 33
-8707247436007099417 34
6554398402280438816 35
8870166810424911173 36
-3348853990345209114 37
8297918242416253894 38
8404152645330460346 39
23378627171035467 40
-6471727536310929810 41
7654092029166015375 42
-4527700672231420509 43
-2367084756761487476 44
-7247532912707204162 45
8723205682627721497 46
7048594718640176820 47
-525689777062318565 48
8743508234068820554 49
5115513781298935088 50