82
0 5 7
0 0 3
0 28 7
0 6 7
0 7 7
0 0 3
0 9 7
0 0 3
0 0 3
0 38 7
0 0 3
0 12 7
0 0 3
0 33 7
0 13 7
0 14 7
0 0 3
0 0 3
15 0 14
0 0 3
0 10 7
0 16 7
0 36 7
0 0 3
0 15 7
0 17 7
0 0 3
3 27 7
0 0 3
0 37 7
0 8 7
0 0 3
0 23 7
0 0 3
0 46 7
0 0 3
0 48 7
0 42 7
0 0 3
46 0 14
0 11 7
4 25 7
0 40 7
0 20 7
0 21 7
3 32 7
0 0 3
3 49 7
3 2 3
0 43 7
0 22 7
0 19 7
2 1 3
11 0 14
2 24 7
0 29 7
0 41 7
3 26 7
0 35 7
0 0 3
0 44 7
0 0 3
0 45 7
0 0 3
0 0 3
0 0 3
0 47 7
0 30 7
0 0 3
0 0 3
0 50 7
3 31 7
0 34 7
0 0 3
34 0 14
0 39 7
2 0 3
0 0 3
0 18 7
0 0 3
0 0 3
0 0 3