71
651062888602951372 1106780536024044210 -4375549238616573313 14 98 0 2020-10-31T13:18:31.013Z
7875678292440395845 -4375549238616573313 921404387224230791 7 97 0 2020-10-31T13:18:31.013Z
6484570778690115851 -4741828807317675422 -4375549238616573313 14 96 0 2020-10-31T13:18:31.013Z
-1307464313056953544 -4375549238616573313 5860372386314805530 7 93 0 2020-10-31T13:18:31.013Z
945725485970249235 -4375549238616573313 -1148112821960217818 7 87 0 2020-10-31T13:18:31.013Z
7587670308632374476 -4375549238616573313 -9188862463128671122 7 91 0 2020-10-31T13:18:31.013Z
-5884436497027574135 -4375549238616573313 -4482955191728411668 7 85 0 2020-10-31T13:18:31.013Z
461074762163114107 -4375549238616573313 3334068606171175735 7 83 0 2020-10-31T13:18:31.013Z
5101233887223936979 -4838882045033043171 -4375549238616573313 14 82 0 2020-10-31T13:18:31.013Z
1507845578498102586 -4375549238616573313 -1106054823110186813 7 81 0 2020-10-31T13:18:31.013Z
6004117797644232370 2200650002293827916 -4375549238616573313 14 80 0 2020-10-31T13:18:31.013Z
7460887826736627295 -4375549238616573313 2200650002293827916 7 79 0 2020-10-31T13:18:31.013Z
4338466045745945154 -7729079655805710131 -4375549238616573313 14 78 0 2020-10-31T13:18:31.013Z
48250166382217184 8808487491263448336 -4375549238616573313 14 76 0 2020-10-31T13:18:31.013Z
-842010855167806862 -4375549238616573313 -1947798634045376540 7 75 0 2020-10-31T13:18:31.013Z
-5675945036258236826 -4375549238616573313 3520572289343756452 7 0 0 2020-10-31T13:18:31.013Z
2381382603073448356 -129434629483632675 -4375549238616573313 14 39 0 2020-10-31T13:18:31.013Z
5059144343239236571 -4375549238616573313 7569825454910170155 7 22 0 2020-10-31T13:18:31.013Z
-747162897861594943 -4375549238616573313 -4741828807317675422 7 95 0 2020-10-31T13:18:31.013Z
370612540949876834 -4375549238616573313 7700797948772231938 7 32 0 2020-10-31T13:18:31.013Z
3882642930935103460 2330536048602741293 -4375549238616573313 14 92 0 2020-10-31T13:18:31.013Z
7698821617081948315 -4375549238616573313 8808487491263448336 7 54 0 2020-10-31T13:18:31.013Z
-7103853547250901096 -4375549238616573313 6701004275492957492 7 89 0 2020-10-31T13:18:31.013Z
-7788850707205274593 -4375549238616573313 -129434629483632675 7 20 0 2020-10-31T13:18:31.013Z
-8030002585944581600 -4375549238616573313 -8725341641466922298 7 4 0 2020-10-31T13:18:31.013Z
3695839468296743899 -4375549238616573313 -272445324518063855 7 10 0 2020-10-31T13:18:31.013Z
-4080423568502053192 -4375549238616573313 1299814838057525318 7 58 0 2020-10-31T13:18:31.013Z
2290165955136410150 -4375549238616573313 -848587621803224804 7 71 0 2020-10-31T13:18:31.013Z
459729166804304064 -4375549238616573313 560401148461198029 7 2 0 2020-10-31T13:18:31.013Z
-2064636671639073164 -8925285756816242341 -4375549238616573313 14 63 0 2020-10-31T13:18:31.013Z
8974618795817442137 -1812770459259996890 -4375549238616573313 14 15 0 2020-10-31T13:18:31.013Z
832451337568259203 -4375549238616573313 -2368536989287874207 7 34 0 2020-10-31T13:18:31.013Z
-8124366402213359194 -4375549238616573313 -7450132901862995609 7 8 0 2020-10-31T13:18:31.013Z
501698820076694300 -4375549238616573313 -4219876654181355981 7 6 0 2020-10-31T13:18:31.013Z
8186914931849762722 3520572289343756452 -4375549238616573313 14 1 0 2020-10-31T13:18:31.013Z
679350349759932658 -4375549238616573313 9020671916936663953 7 28 0 2020-10-31T13:18:31.013Z
3903381659880505277 -5390630246256121799 -4375549238616573313 14 17 0 2020-10-31T13:18:31.013Z
-1979523116055203877 -4375549238616573313 1106780536024044210 7 12 0 2020-10-31T13:18:31.013Z
1666221423668170560 -9145519212534806211 -4375549238616573313 14 53 0 2020-10-31T13:18:31.013Z
-2028345681187476592 266643623604323587 -4375549238616573313 14 100 0 2020-10-31T13:18:31.013Z
954635144288403167 -4375549238616573313 -6272296195198819823 7 30 0 2020-10-31T13:18:31.013Z
6339500568296800823 -4375549238616573313 7072289198223049541 7 24 0 2020-10-31T13:18:31.013Z
5007910519457019371 -4375549238616573313 -8925285756816242341 7 18 0 2020-10-31T13:18:31.013Z
3942779721613044433 560401148461198029 -4375549238616573313 14 29 0 2020-10-31T13:18:31.013Z
-6906993642488024770 -4375549238616573313 -1812770459259996890 7 14 0 2020-10-31T13:18:31.013Z
7572953051404980790 -4375549238616573313 -8549633448280951855 3 70 0 2020-10-31T13:18:31.013Z
-5952799440162268072 -4375549238616573313 -7316251031437634713 7 38 0 2020-10-31T13:18:31.013Z
1069542455625836873 -4375549238616573313 962904689403953009 7 73 0 2020-10-31T13:18:31.013Z
-3390808019500172495 -4375549238616573313 -4838882045033043171 7 42 0 2020-10-31T13:18:31.013Z
-2346413610098805595 -4375549238616573313 266643623604323587 7 99 0 2020-10-31T13:18:31.013Z
5240340769931792133 -4375549238616573313 -5390630246256121799 7 16 0 2020-10-31T13:18:31.013Z
-2848066747335085138 -4375549238616573313 -79161179469022579 7 40 0 2020-10-31T13:18:31.013Z
669266188772228718 7072289198223049541 -4375549238616573313 14 43 0 2020-10-31T13:18:31.013Z
1035819184431778604 -4375549238616573313 2530707279282203124 7 44 0 2020-10-31T13:18:31.013Z
-2581261138267622034 -4219876654181355981 -4375549238616573313 14 86 0 2020-10-31T13:18:31.013Z
4240899782115076415 -4375549238616573313 -7729079655805710131 7 64 0 2020-10-31T13:18:31.013Z
-3844866503076618808 -4375549238616573313 -9145519212534806211 7 52 0 2020-10-31T13:18:31.013Z
1925652576534703866 -4375549238616573313 -2250745077292002568 7 46 0 2020-10-31T13:18:31.013Z
-9162213042070980605 -4375549238616573313 3302301425191011882 7 68 0 2020-10-31T13:18:31.013Z
6136663297353900547 -4375549238616573313 -3930163867285441615 7 77 0 2020-10-31T13:18:31.013Z
5808114334396509561 -4375549238616573313 -8498325924293450224 7 48 0 2020-10-31T13:18:31.013Z
-4131716861529223110 -4375549238616573313 7942235889627461666 7 62 0 2020-10-31T13:18:31.013Z
-7279392337493470165 -4375549238616573313 5334575190759949790 7 50 0 2020-10-31T13:18:31.013Z
8298678434897161946 -4375549238616573313 5883684122772255687 7 36 0 2020-10-31T13:18:31.013Z
-4224040203464846683 5334575190759949790 -4375549238616573313 14 51 0 2020-10-31T13:18:31.013Z
5794306462051176214 -4375549238616573313 4395266898479313936 7 56 0 2020-10-31T13:18:31.013Z
-1093887636226434123 -4375549238616573313 2330536048602741293 7 26 0 2020-10-31T13:18:31.013Z
279739933674297404 -4375549238616573313 -5027580375182511068 7 60 0 2020-10-31T13:18:31.013Z
-4283589800975241237 -7450132901862995609 -4375549238616573313 14 49 0 2020-10-31T13:18:31.013Z
-7754315777114076017 -4375549238616573313 931835998064119473 7 66 0 2020-10-31T13:18:31.013Z
3690661875844826800 3302301425191011882 -4375549238616573313 14 69 0 2020-10-31T13:18:31.013Z
