52
-8549633448280951855 0
-4375549238616573313 1
4395266898479313936 2
-4838882045033043171 3
-2368536989287874207 4
-6272296195198819823 5
7072289198223049541 6
7569825454910170155 7
-129434629483632675 8
266643623604323587 9
-7316251031437634713 10
-4219876654181355981 11
7700797948772231938 12
-8725341641466922298 13
3520572289343756452 14
-2250745077292002568 15
-8925285756816242341 16
560401148461198029 17
-5390630246256121799 18
-272445324518063855 19
-79161179469022579 20
5883684122772255687 21
1106780536024044210 22
921404387224230791 23
2330536048602741293 24
-1812770459259996890 25
-8498325924293450224 26
2530707279282203124 27
-4482955191728411668 28
-4741828807317675422 29
-9145519212534806211 30
-1947798634045376540 31
6701004275492957492 32
8808487491263448336 33
3334068606171175735 34
1299814838057525318 35
-3930163867285441615 36
-7729079655805710131 37
931835998064119473 38
-7450132901862995609 39
3302301425191011882 40
9020671916936663953 41
-848587621803224804 42
7942235889627461666 43
2200650002293827916 44
-5027580375182511068 45
-1106054823110186813 46
962904689403953009 47
-1148112821960217818 48
-9188862463128671122 49
5334575190759949790 50
5860372386314805530 51