52
-8549633448280951855 1
-4375549238616573313 1
4395266898479313936 2
-4838882045033043171 2
-2368536989287874207 2
-6272296195198819823 2
7072289198223049541 2
7569825454910170155 2
-129434629483632675 2
266643623604323587 2
-7316251031437634713 2
-4219876654181355981 2
7700797948772231938 2
-8725341641466922298 2
3520572289343756452 2
-2250745077292002568 2
-8925285756816242341 2
560401148461198029 2
-5390630246256121799 2
-272445324518063855 2
-79161179469022579 2
5883684122772255687 2
1106780536024044210 2
921404387224230791 2
2330536048602741293 2
-1812770459259996890 2
-8498325924293450224 2
2530707279282203124 2
-4482955191728411668 2
-4741828807317675422 2
-9145519212534806211 2
-1947798634045376540 2
6701004275492957492 2
8808487491263448336 2
3334068606171175735 2
1299814838057525318 2
-3930163867285441615 2
-7729079655805710131 2
931835998064119473 2
-7450132901862995609 2
3302301425191011882 2
9020671916936663953 2
-848587621803224804 2
7942235889627461666 2
2200650002293827916 2
-5027580375182511068 2
-1106054823110186813 2
962904689403953009 2
-1148112821960217818 2
-9188862463128671122 2
5334575190759949790 2
5860372386314805530 2
