71
22 1 14
1 23 7
29 1 14
1 51 7
1 48 7
1 49 7
1 28 7
1 34 7
3 1 14
1 46 7
44 1 14
1 44 7
37 1 14
33 1 14
1 31 7
1 14 7
8 1 14
1 7 7
1 29 7
1 12 7
24 1 14
1 33 7
1 32 7
1 8 7
1 13 7
1 19 7
1 35 7
1 42 7
1 17 7
16 1 14
25 1 14
1 4 7
1 39 7
1 11 7
14 1 14
1 41 7
18 1 14
1 22 7
30 1 14
9 1 14
1 5 7
1 6 7
1 16 7
17 1 14
1 25 7
1 0 3
1 10 7
1 47 7
1 3 7
1 9 7
1 18 7
1 20 7
6 1 14
1 27 7
11 1 14
1 37 7
1 30 7
1 15 7
1 40 7
1 36 7
1 26 7
1 43 7
1 50 7
1 21 7
50 1 14
1 2 7
1 24 7
1 45 7
39 1 14
1 38 7
40 1 14