153
713356066107063922 -4604960054666345853 6794511879631153064 7 406 0 2020-10-31T13:18:31.013Z
-5532079115607022689 -4604960054666345853 1587582482614114686 7 402 0 2020-10-31T13:18:31.013Z
-4425192372341308364 -4604960054666345853 -5342348570234697358 7 388 0 2020-10-31T13:18:31.013Z
2235433403437793193 -4604960054666345853 -6284631908417189315 16 383 0 2020-10-31T13:18:31.013Z
-690078241499576912 -4604960054666345853 -3794326626933029622 16 377 0 2020-10-31T13:18:31.013Z
8584214763968148132 -4604960054666345853 2362128826500208410 7 372 0 2020-10-31T13:18:31.013Z
6533341883107809783 -4604960054666345853 4399536314641524787 16 366 0 2020-10-31T13:18:31.013Z
4874700490253153807 -4604960054666345853 4399536314641524787 16 363 0 2020-10-31T13:18:31.013Z
-8207601191972095205 -4604960054666345853 3771063365561039094 16 360 0 2020-10-31T13:18:31.013Z
-912880108631724465 -4604960054666345853 -4579321929259978531 16 354 0 2020-10-31T13:18:31.013Z
3751257515638660176 -4604960054666345853 -8292696279664564895 16 351 0 2020-10-31T13:18:31.013Z
1962861233383130247 -4604960054666345853 6593595460530181111 16 340 0 2020-10-31T13:18:31.013Z
-129007011513878292 7320400160211605401 1413835382339627648 7 336 0 2020-10-31T13:18:31.013Z
6216397459587137579 -3679825434321700370 2403568547242862656 14 335 0 2020-10-31T13:18:31.013Z
-7859517535702331425 -4604960054666345853 -8896829175984521255 7 331 0 2020-10-31T13:18:31.013Z
1937987155512639350 -4604960054666345853 -6236749620428395691 7 327 0 2020-10-31T13:18:31.013Z
-2591317675952173916 -4604960054666345853 -8621398681052778661 7 323 0 2020-10-31T13:18:31.013Z
-7588361270179847910 -4604960054666345853 -4621964146219691241 7 321 0 2020-10-31T13:18:31.013Z
-8033302891005865621 -4604960054666345853 410262315618359978 16 319 0 2020-10-31T13:18:31.013Z
-3238651173562895800 2403568547242862656 3970928914842338733 7 313 0 2020-10-31T13:18:31.013Z
6664509792295153271 -4604960054666345853 -1574809442255367842 16 311 0 2020-10-31T13:18:31.013Z
9208355256149145626 -4604960054666345853 3771063365561039094 16 357 0 2020-10-31T13:18:31.013Z
44550983314819084 -4604960054666345853 -908778726355542797 7 333 0 2020-10-31T13:18:31.013Z
-1988132957198639429 -4604960054666345853 -1574809442255367842 16 305 0 2020-10-31T13:18:31.013Z
8416745383339310862 -4604960054666345853 454478236759602128 7 302 0 2020-10-31T13:18:31.013Z
491508143774619975 2403568547242862656 -4604960054666345853 3 298 0 2020-10-31T13:18:31.013Z
-3568041162834783259 2403568547242862656 -7852097286033638279 7 296 0 2020-10-31T13:18:31.013Z
-2555328868738713759 2403568547242862656 -7829420694930975369 7 292 0 2020-10-31T13:18:31.013Z
9195481583744998691 2403568547242862656 -8537801788381044588 7 290 0 2020-10-31T13:18:31.013Z
7874356507550651607 2403568547242862656 -4321368863675514463 7 288 0 2020-10-31T13:18:31.013Z
4429177437850482479 2403568547242862656 -6063433380422776457 7 286 0 2020-10-31T13:18:31.013Z
5598938912998346825 671267710252338689 8361229035680631672 7 180 0 2020-10-31T13:18:31.013Z
-199584191256261180 2403568547242862656 4691985557983598619 7 230 0 2020-10-31T13:18:31.013Z
-134919509371566397 -4604960054666345853 -1588928048638714666 7 329 0 2020-10-31T13:18:31.013Z
52875308178065666 671267710252338689 67043629096880244 7 176 0 2020-10-31T13:18:31.013Z
-541440011393446222 -4604960054666345853 6456733180100300091 7 408 0 2020-10-31T13:18:31.013Z
-4295251666828908401 423399084756321783 671267710252338689 14 175 0 2020-10-31T13:18:31.013Z
8426679160887582686 671267710252338689 4731085023339941405 7 174 0 2020-10-31T13:18:31.013Z
-7043598098019801674 -4604960054666345853 8879561839860320972 16 343 0 2020-10-31T13:18:31.013Z
363248218743476130 2403568547242862656 4528069384278443369 7 240 0 2020-10-31T13:18:31.013Z
4078784916663979020 671267710252338689 8412969579908049151 7 164 0 2020-10-31T13:18:31.013Z
-4583259606672742443 671267710252338689 53358170439181301 7 158 0 2020-10-31T13:18:31.013Z
-5464398866612467592 -4604960054666345853 -1309992439535259626 7 398 0 2020-10-31T13:18:31.013Z
5942697848620009975 671267710252338689 2577995546433091143 7 162 0 2020-10-31T13:18:31.013Z
-6526736869706286740 671267710252338689 -2424330924122696943 7 186 0 2020-10-31T13:18:31.013Z
946157958555629923 671267710252338689 -7805255953250255502 7 156 0 2020-10-31T13:18:31.013Z
-1836343822414933734 -6181732547817060239 671267710252338689 14 171 0 2020-10-31T13:18:31.013Z
-4513671117990714637 671267710252338689 -3168387868794086369 7 136 0 2020-10-31T13:18:31.013Z
4204022140523467620 2403568547242862656 8836186568894910676 7 232 0 2020-10-31T13:18:31.013Z
-4309645239486600158 -4604960054666345853 410262315618359978 16 316 0 2020-10-31T13:18:31.013Z
-13098833603569405 671267710252338689 1076785546517126060 7 150 0 2020-10-31T13:18:31.013Z
-682880335458304899 -4604960054666345853 47237810126425776 7 404 0 2020-10-31T13:18:31.013Z
-6982331063089728629 -4604960054666345853 4077197751870837206 7 345 0 2020-10-31T13:18:31.013Z
956042170225768214 671267710252338689 2919063568932064543 7 146 0 2020-10-31T13:18:31.013Z
1084802210454507169 671267710252338689 -4718299204096318051 7 148 0 2020-10-31T13:18:31.013Z
-4672617883210022921 671267710252338689 -40987900997416112 7 106 0 2020-10-31T13:18:31.013Z
9041146506459945931 671267710252338689 38514827628119520 7 110 0 2020-10-31T13:18:31.013Z
-4316946803793180126 671267710252338689 -5277407848227421157 7 124 0 2020-10-31T13:18:31.013Z
2457715161928131961 671267710252338689 -5347630804365141791 7 118 0 2020-10-31T13:18:31.013Z
-2634197858888254493 2403568547242862656 54150225966925643 7 262 0 2020-10-31T13:18:31.013Z
-840685755449199638 -4604960054666345853 -6694445028004291819 16 380 0 2020-10-31T13:18:31.013Z
2529888907485941199 671267710252338689 230528211437571398 7 130 0 2020-10-31T13:18:31.013Z
-6302605659458210495 -4604960054666345853 -8292696279664564895 16 348 0 2020-10-31T13:18:31.013Z
-910835634981672972 671267710252338689 -1516571089354794836 7 114 0 2020-10-31T13:18:31.013Z
-2244839807738187771 2403568547242862656 -1955869971881756184 7 134 0 2020-10-31T13:18:31.013Z
-1029073776535749389 6906805735871151904 671267710252338689 14 127 0 2020-10-31T13:18:31.013Z
8944581690400304620 -4604960054666345853 1504342809074650338 7 396 0 2020-10-31T13:18:31.013Z
3238555746915633180 2403568547242862656 -5702358026291101760 7 246 0 2020-10-31T13:18:31.013Z
-8842498820980031815 671267710252338689 77157141239138899 7 108 0 2020-10-31T13:18:31.013Z
-9015688978808888559 671267710252338689 -5607472236520618281 7 152 0 2020-10-31T13:18:31.013Z
1768129258258805173 2403568547242862656 7422054664126138325 7 282 0 2020-10-31T13:18:31.013Z
-8792758150195629914 671267710252338689 -2865802637622068918 7 120 0 2020-10-31T13:18:31.013Z
2706591653365206886 671267710252338689 3704645306837423393 7 126 0 2020-10-31T13:18:31.013Z
-2730465861572319013 -4604960054666345853 -2983088255306350443 7 368 0 2020-10-31T13:18:31.013Z
4262765180050412021 671267710252338689 -7100256911633738913 7 170 0 2020-10-31T13:18:31.013Z
2895852586770350904 -4604960054666345853 -7065095552428948216 7 392 0 2020-10-31T13:18:31.013Z
2836123013662816479 -4604960054666345853 5899516494984699438 7 390 0 2020-10-31T13:18:31.013Z
-1410432496822726816 671267710252338689 1317358809583752700 7 178 0 2020-10-31T13:18:31.013Z
3549959182584516106 -8546493061319249693 2403568547242862656 14 273 0 2020-10-31T13:18:31.013Z
7414813244726515641 33543872930399981 671267710252338689 14 187 0 2020-10-31T13:18:31.013Z
6503337228480100892 671267710252338689 6906805735871151904 7 116 0 2020-10-31T13:18:31.013Z
5832243634788029833 671267710252338689 6863090233243598049 7 122 0 2020-10-31T13:18:31.013Z
5717173887072025425 671267710252338689 -52065943941305456 7 128 0 2020-10-31T13:18:31.013Z
9160309501334514737 671267710252338689 423399084756321783 7 160 0 2020-10-31T13:18:31.013Z
9105912663126444932 671267710252338689 5391199242589863101 7 166 0 2020-10-31T13:18:31.013Z
440152386692547960 671267710252338689 -3054882673652493037 7 190 0 2020-10-31T13:18:31.013Z
-11807043616448872 671267710252338689 -5903617958469513111 7 194 0 2020-10-31T13:18:31.013Z
-7958804848570521210 671267710252338689 5563922410212355046 7 138 0 2020-10-31T13:18:31.013Z
-3855507163690949371 -4604960054666345853 489111811641808336 7 412 0 2020-10-31T13:18:31.013Z
8930438198428279053 671267710252338689 33543872930399981 7 102 0 2020-10-31T13:18:31.013Z
-2643922981619738756 671267710252338689 747507376341180752 7 184 0 2020-10-31T13:18:31.013Z
3977586071446277291 671267710252338689 8702361939818262634 7 104 0 2020-10-31T13:18:31.013Z
1865356841295506574 671267710252338689 -3960392572917493892 7 144 0 2020-10-31T13:18:31.013Z
3617703330434189593 671267710252338689 -6189247508234069039 7 112 0 2020-10-31T13:18:31.013Z
143479684209201223 -1516571089354794836 671267710252338689 14 117 0 2020-10-31T13:18:31.013Z
-1633734644850456488 -4604960054666345853 -5433065023171540429 7 374 0 2020-10-31T13:18:31.013Z
100664102028669820 2403568547242862656 -8128694923755548720 7 280 0 2020-10-31T13:18:31.013Z
-6510261836659726907 2403568547242862656 858416802163779463 7 198 0 2020-10-31T13:18:31.013Z
700546303377840461 671267710252338689 -6181732547817060239 7 154 0 2020-10-31T13:18:31.013Z
-6994494302210109550 -4604960054666345853 -4852504751172555735 7 370 0 2020-10-31T13:18:31.013Z
187144452526468709 2403568547242862656 -8904130173384254205 7 216 0 2020-10-31T13:18:31.013Z
1117056554559039094 2403568547242862656 4450132134749092185 7 242 0 2020-10-31T13:18:31.013Z
1250724971997042354 671267710252338689 -8443202980184449916 7 140 0 2020-10-31T13:18:31.013Z
-1314093636507830625 671267710252338689 1309698234747363234 7 196 0 2020-10-31T13:18:31.013Z
4311390151391383718 858416802163779463 2403568547242862656 14 199 0 2020-10-31T13:18:31.013Z
-3903090863492604980 -4604960054666345853 3698028773807633784 7 307 0 2020-10-31T13:18:31.013Z
6249559531549973249 2403568547242862656 9076100620178853818 7 264 0 2020-10-31T13:18:31.013Z
-6564213821265175994 2403568547242862656 4707315620909343304 7 278 0 2020-10-31T13:18:31.013Z
227504826593129436 2403568547242862656 3502247508244079323 7 132 0 2020-10-31T13:18:31.013Z
-8208530361891093631 671267710252338689 5903343239735826289 7 172 0 2020-10-31T13:18:31.013Z
-479913437238979259 671267710252338689 -5284950212864717804 7 188 0 2020-10-31T13:18:31.013Z
643897164740351992 2403568547242862656 -6248440899098661684 7 266 0 2020-10-31T13:18:31.013Z
3150671918311521784 -4604960054666345853 -5753201664451481636 16 386 0 2020-10-31T13:18:31.013Z
3494052695081342695 2403568547242862656 209399219974535491 7 294 0 2020-10-31T13:18:31.013Z
6532404566117933664 2403568547242862656 904744579702558901 7 270 0 2020-10-31T13:18:31.013Z
5800608838132545162 671267710252338689 235397800206857811 7 192 0 2020-10-31T13:18:31.013Z
6761162733726200379 2403568547242862656 1064876468276199675 7 224 0 2020-10-31T13:18:31.013Z
-7019933127144589878 2403568547242862656 4235998168740502648 7 200 0 2020-10-31T13:18:31.013Z
8557335454924824695 2403568547242862656 -5135464293371810198 7 284 0 2020-10-31T13:18:31.013Z
-7502191183114641598 2403568547242862656 7471523821232328745 7 202 0 2020-10-31T13:18:31.013Z
-2862596184407780687 2403568547242862656 8132338719042006921 7 210 0 2020-10-31T13:18:31.013Z
3431043332026095264 2403568547242862656 -3679825434321700370 7 220 0 2020-10-31T13:18:31.013Z
-8606386203696185406 2403568547242862656 689102468086756431 7 204 0 2020-10-31T13:18:31.013Z
-6397126375783285903 2403568547242862656 5569147102080187892 7 206 0 2020-10-31T13:18:31.013Z
-4815166265463624515 2403568547242862656 5334575190759949790 7 208 0 2020-10-31T13:18:31.013Z
6311350891974344988 2403568547242862656 -8017362975714141836 7 260 0 2020-10-31T13:18:31.013Z
5087145469528618027 2403568547242862656 2094182649280268209 7 222 0 2020-10-31T13:18:31.013Z
-7469143581285789910 2403568547242862656 3268549485702156145 7 212 0 2020-10-31T13:18:31.013Z
8376693063772517063 2403568547242862656 -6722984174119174074 7 214 0 2020-10-31T13:18:31.013Z
-4655968895658831771 2403568547242862656 -4557250093687152947 7 218 0 2020-10-31T13:18:31.013Z
-6979963789870501984 2403568547242862656 -378732520617690506 7 226 0 2020-10-31T13:18:31.013Z
-3893984693431354765 671267710252338689 -7992296155479445938 7 142 0 2020-10-31T13:18:31.013Z
6514847988066305150 2403568547242862656 -3609799886383902693 7 228 0 2020-10-31T13:18:31.013Z
-6052372937386419440 2403568547242862656 -2367084756761487476 7 234 0 2020-10-31T13:18:31.013Z
-2837591503041045011 -4604960054666345853 -771187310996154545 16 300 0 2020-10-31T13:18:31.013Z
3251299380486687615 2403568547242862656 8336084328629693116 7 236 0 2020-10-31T13:18:31.013Z
4864032518477587276 2403568547242862656 5635496527712843355 7 238 0 2020-10-31T13:18:31.013Z
712172704875357645 2403568547242862656 -6463452646076061931 7 248 0 2020-10-31T13:18:31.013Z
8720907527696114761 2403568547242862656 -3659996851848551552 7 250 0 2020-10-31T13:18:31.013Z
-7039697234767103607 2403568547242862656 -6937831233113184293 7 252 0 2020-10-31T13:18:31.013Z
8398844968951801139 2403568547242862656 -6476645120891436956 7 256 0 2020-10-31T13:18:31.013Z
9191817766553236038 671267710252338689 -4533659588637701403 7 168 0 2020-10-31T13:18:31.013Z
-2191554325683315732 2403568547242862656 -326106205668732827 7 254 0 2020-10-31T13:18:31.013Z
-8574990950439930369 2403568547242862656 2119808430777318074 7 258 0 2020-10-31T13:18:31.013Z
4690546414709565038 -4604960054666345853 -4076192316611933582 7 394 0 2020-10-31T13:18:31.013Z
4048272328764236354 2403568547242862656 -4419202093950616505 7 244 0 2020-10-31T13:18:31.013Z
2691404929822053931 2403568547242862656 -8546493061319249693 7 272 0 2020-10-31T13:18:31.013Z
-2148832661197541009 -4604960054666345853 -6812206763309520637 7 325 0 2020-10-31T13:18:31.013Z
3771119764862613900 2403568547242862656 -9115465618474098794 7 268 0 2020-10-31T13:18:31.013Z
-1626200696622479321 671267710252338689 1797207725431666440 7 182 0 2020-10-31T13:18:31.013Z
-110786077269774288 2403568547242862656 1526596631215174589 7 274 0 2020-10-31T13:18:31.013Z
-2558064466378698693 2403568547242862656 -8309903864077270121 7 276 0 2020-10-31T13:18:31.013Z
2527252518461373730 -8904130173384254205 2403568547242862656 14 279 0 2020-10-31T13:18:31.013Z
