156
-6806480296806817791 0
8174341926550788498 1
7338065699624268277 2
671267710252338689 3
-1809581961350450110 4
3857377875813986013 5
3805375453613253064 6
4270303748944146355 7
5091531099454493674 8
2633935999205218305 9
3092978643625585728 10
-4820636639688578420 11
3749784207781554720 12
-4604960054666345853 13
2403568547242862656 14
6503850601117023437 15
-8637295183115851606 16
7320400160211605401 17
489111811641808336 18
6456733180100300091 19
6794511879631153064 20
-1309992439535259626 21
1504342809074650338 22
-7065095552428948216 23
5899516494984699438 24
-5342348570234697358 25
-2983088255306350443 26
4077197751870837206 27
1413835382339627648 28
-1588928048638714666 29
-6236749620428395691 30
-6812206763309520637 31
-8621398681052778661 32
-4621964146219691241 33
47237810126425776 34
3970928914842338733 35
3698028773807633784 36
-7852097286033638279 37
-5284950212864717804 38
8361229035680631672 39
8702361939818262634 40
454478236759602128 41
4731085023339941405 42
-4533659588637701403 43
2577995546433091143 44
423399084756321783 45
5635496527712843355 46
53358170439181301 47
7471523821232328745 48
3704645306837423393 49
9076100620178853818 50
5391199242589863101 51
-9115465618474098794 52
-7805255953250255502 53
-2424330924122696943 54
-4718299204096318051 55
-5702358026291101760 56
2119808430777318074 57
1587582482614114686 58
-8896829175984521255 59
-7829420694930975369 60
1076785546517126060 61
1309698234747363234 62
-1516571089354794836 63
-8904130173384254205 64
-4419202093950616505 65
8412969579908049151 66
6906805735871151904 67
235397800206857811 68
747507376341180752 69
6863090233243598049 70
-8017362975714141836 71
5563922410212355046 72
-7100256911633738913 73
2919063568932064543 74
1317358809583752700 75
-40987900997416112 76
38514827628119520 77
-5277407848227421157 78
-3054882673652493037 79
1797207725431666440 80
77157141239138899 81
-5347630804365141791 82
230528211437571398 83
-4076192316611933582 84
-1955869971881756184 85
5334575190759949790 86
-4852504751172555735 87
-8309903864077270121 88
-7992296155479445938 89
5903343239735826289 90
-3168387868794086369 91
4235998168740502648 92
-3960392572917493892 93
-326106205668732827 94
4691985557983598619 95
858416802163779463 96
8132338719042006921 97
-3609799886383902693 98
33543872930399981 99
-6722984174119174074 100
-4557250093687152947 101
-6189247508234069039 102
8336084328629693116 103
-3679825434321700370 104
-6181732547817060239 105
54150225966925643 106
-52065943941305456 107
2094182649280268209 108
-8443202980184449916 109
1064876468276199675 110
67043629096880244 111
-378732520617690506 112
-5433065023171540429 113
-2865802637622068918 114
-3659996851848551552 115
8836186568894910676 116
-2367084756761487476 117
4528069384278443369 118
4450132134749092185 119
2362128826500208410 120
-6463452646076061931 121
-6937831233113184293 122
689102468086756431 123
209399219974535491 124
-5607472236520618281 125
-6248440899098661684 126
904744579702558901 127
5569147102080187892 128
-8546493061319249693 129
1526596631215174589 130
4707315620909343304 131
-908778726355542797 132
7422054664126138325 133
-8128694923755548720 134
-5135464293371810198 135
-6063433380422776457 136
-5903617958469513111 137
3502247508244079323 138
3268549485702156145 139
-6476645120891436956 140
-4321368863675514463 141
-8537801788381044588 142
-6694445028004291819 143
-3794326626933029622 144
6593595460530181111 145
-771187310996154545 146
-1574809442255367842 147
410262315618359978 148
-6284631908417189315 149
-8292696279664564895 150
8879561839860320972 151
-5753201664451481636 152
-4579321929259978531 153
3771063365561039094 154
4399536314641524787 155