13
13 20 58 25 149 144 120 155 155 154 153 150 145 59 30 32 33 148 147 154 132 147 41 29 19 151 21 148 34 27 143 150 22 26 23 24 18 113 87 36 152 146 84 31
17 28
104 14
14 35 13 37 60 142 141 136 95 118 116 106 85 56 133 134 96 64 119 50 131 138 126 124 127 110 92 135 48 97 104 123 128 86 71 108 139 100 101 112 98 117 103 46 121 115 122 140 94 57 65 129 52 130 88
3 39 111 42 66 47 44 54 53 91 61 74 55 76 77 78 82 83 63 81 125 114 49 73 75 67 70 107 45 51 79 137 72 99 69 40 93 102 105 109 62 90 38 68 89 43 80
45 3
105 3
67 3
129 14
99 3
63 3
96 14
64 14