156
-6806480296806817791 1
8174341926550788498 1
7338065699624268277 1
671267710252338689 1
-1809581961350450110 1
3857377875813986013 1
3805375453613253064 1
4270303748944146355 1
5091531099454493674 1
2633935999205218305 1
3092978643625585728 1
-4820636639688578420 1
3749784207781554720 1
-4604960054666345853 1
2403568547242862656 1
6503850601117023437 1
-8637295183115851606 1
7320400160211605401 1
489111811641808336 2
6456733180100300091 2
6794511879631153064 2
-1309992439535259626 2
1504342809074650338 2
-7065095552428948216 2
5899516494984699438 2
-5342348570234697358 2
-2983088255306350443 2
4077197751870837206 2
1413835382339627648 2
-1588928048638714666 2
-6236749620428395691 2
-6812206763309520637 2
-8621398681052778661 2
-4621964146219691241 2
47237810126425776 2
3970928914842338733 2
3698028773807633784 2
-7852097286033638279 2
-5284950212864717804 2
8361229035680631672 2
8702361939818262634 2
454478236759602128 2
4731085023339941405 2
-4533659588637701403 2
2577995546433091143 2
423399084756321783 2
5635496527712843355 2
53358170439181301 2
7471523821232328745 2
3704645306837423393 2
9076100620178853818 2
5391199242589863101 2
-9115465618474098794 2
-7805255953250255502 2
-2424330924122696943 2
-4718299204096318051 2
-5702358026291101760 2
2119808430777318074 2
1587582482614114686 2
-8896829175984521255 2
-7829420694930975369 2
1076785546517126060 2
1309698234747363234 2
-1516571089354794836 2
-8904130173384254205 2
-4419202093950616505 2
8412969579908049151 2
6906805735871151904 2
235397800206857811 2
747507376341180752 2
6863090233243598049 2
-8017362975714141836 2
5563922410212355046 2
-7100256911633738913 2
2919063568932064543 2
1317358809583752700 2
-40987900997416112 2
38514827628119520 2
-5277407848227421157 2
-3054882673652493037 2
1797207725431666440 2
77157141239138899 2
-5347630804365141791 2
230528211437571398 2
-4076192316611933582 2
-1955869971881756184 2
5334575190759949790 2
-4852504751172555735 2
-8309903864077270121 2
-7992296155479445938 2
5903343239735826289 2
-3168387868794086369 2
4235998168740502648 2
-3960392572917493892 2
-326106205668732827 2
4691985557983598619 2
858416802163779463 2
8132338719042006921 2
-3609799886383902693 2
33543872930399981 2
-6722984174119174074 2
-4557250093687152947 2
-6189247508234069039 2
8336084328629693116 2
-3679825434321700370 2
-6181732547817060239 2
54150225966925643 2
-52065943941305456 2
2094182649280268209 2
-8443202980184449916 2
1064876468276199675 2
67043629096880244 2
-378732520617690506 2
-5433065023171540429 2
-2865802637622068918 2
-3659996851848551552 2
8836186568894910676 2
-2367084756761487476 2
4528069384278443369 2
4450132134749092185 2
2362128826500208410 2
-6463452646076061931 2
-6937831233113184293 2
689102468086756431 2
209399219974535491 2
-5607472236520618281 2
-6248440899098661684 2
904744579702558901 2
5569147102080187892 2
-8546493061319249693 2
1526596631215174589 2
4707315620909343304 2
-908778726355542797 2
7422054664126138325 2
-8128694923755548720 2
-5135464293371810198 2
-6063433380422776457 2
-5903617958469513111 2
3502247508244079323 2
3268549485702156145 2
-6476645120891436956 2
-4321368863675514463 2
-8537801788381044588 2
-6694445028004291819 3
-3794326626933029622 3
6593595460530181111 3
-771187310996154545 3
-1574809442255367842 3
410262315618359978 3
-6284631908417189315 3
-8292696279664564895 3
8879561839860320972 3
-5753201664451481636 3
-4579321929259978531 3
3771063365561039094 3
4399536314641524787 3
