153
13 20 7
13 58 7
13 25 7
13 149 16
13 144 16
13 120 7
13 155 16
13 155 16
13 154 16
13 153 16
13 150 16
13 145 16
17 28 7
104 14 14
13 59 7
13 30 7
13 32 7
13 33 7
13 148 16
14 35 7
13 147 16
13 154 16
13 132 7
13 147 16
13 41 7
14 13 3
14 37 7
14 60 7
14 142 7
14 141 7
14 136 7
3 39 7
14 95 7
13 29 7
3 111 7
13 19 7
45 3 14
3 42 7
13 151 16
14 118 7
3 66 7
3 47 7
13 21 7
3 44 7
3 54 7
3 53 7
105 3 14
3 91 7
14 116 7
13 148 16
3 61 7
13 34 7
13 27 7
3 74 7
3 55 7
3 76 7
3 77 7
3 78 7
3 82 7
14 106 7
13 143 16
3 83 7
13 150 16
3 63 7
14 85 7
67 3 14
13 22 7
14 56 7
3 81 7
3 125 7
14 133 7
3 114 7
3 49 7
13 26 7
3 73 7
13 23 7
13 24 7
3 75 7
129 14 14
99 3 14
3 67 7
3 70 7
3 107 7
3 45 7
3 51 7
3 79 7
3 137 7
3 72 7
13 18 7
3 99 7
3 69 7
3 40 7
3 93 7
3 102 7
63 3 14
13 113 7
14 134 7
14 96 7
3 105 7
13 87 7
14 64 7
14 119 7
3 109 7
3 62 7
96 14 14
13 36 7
14 50 7
14 131 7
14 138 7
3 90 7
3 38 7
14 126 7
13 152 16
14 124 7
14 127 7
3 68 7
14 110 7
14 92 7
14 135 7
14 48 7
14 97 7
14 104 7
14 123 7
14 128 7
14 86 7
14 71 7
14 108 7
14 139 7
14 100 7
14 101 7
14 112 7
3 89 7
14 98 7
14 117 7
13 146 16
14 103 7
14 46 7
14 121 7
14 115 7
14 122 7
14 140 7
3 43 7
14 94 7
14 57 7
13 84 7
14 65 7
14 129 7
13 31 7
14 52 7
3 80 7
14 130 7
14 88 7
64 14 14