161
3711699473141297717 7959461343600086369 -5342348570234697358 7 380 0 2020-10-31T13:18:31.013Z
6429210535372405967 7959461343600086369 489111811641808336 7 375 0 2020-10-31T13:18:31.013Z
-6706486335341890142 7959461343600086369 1413835382339627648 7 373 0 2020-10-31T13:18:31.013Z
-1881883908062158835 7959461343600086369 4077197751870837206 7 369 0 2020-10-31T13:18:31.013Z
7089296273003726838 7959461343600086369 -7065095552428948216 7 367 0 2020-10-31T13:18:31.013Z
2723066066563796288 7959461343600086369 -2113865883900831630 7 365 0 2020-10-31T13:18:31.013Z
-9199715091494774862 7959461343600086369 47237810126425776 7 363 0 2020-10-31T13:18:31.013Z
2636022688261533345 7959461343600086369 6794511879631153064 7 361 0 2020-10-31T13:18:31.013Z
3012243255720599888 7959461343600086369 -1588928048638714666 7 359 0 2020-10-31T13:18:31.013Z
6386018150394547783 7959461343600086369 -4852504751172555735 7 353 0 2020-10-31T13:18:31.013Z
8408448594102988698 7959461343600086369 5266519419271441343 16 348 0 2020-10-31T13:18:31.013Z
-1329654733248181017 7959461343600086369 -4738169215301433094 16 345 0 2020-10-31T13:18:31.013Z
-7311768235295746141 7959461343600086369 -712738692925636089 16 333 0 2020-10-31T13:18:31.013Z
7921870334761653452 7959461343600086369 4310936219734382916 16 330 0 2020-10-31T13:18:31.013Z
6530718961280152116 7959461343600086369 -6236749620428395691 7 378 0 2020-10-31T13:18:31.013Z
-780192015347512553 7959461343600086369 8672497442919069513 7 355 0 2020-10-31T13:18:31.013Z
-7859710996405271250 3698028773807633784 7959461343600086369 14 321 0 2020-10-31T13:18:31.013Z
-8273295098800976739 7959461343600086369 3698028773807633784 7 320 0 2020-10-31T13:18:31.013Z
6748137489455094738 7959461343600086369 5266519419271441343 16 327 0 2020-10-31T13:18:31.013Z
3385848683024541130 2404097345027076070 7959461343600086369 14 319 0 2020-10-31T13:18:31.013Z
8386332903494629034 7959461343600086369 454478236759602128 7 317 0 2020-10-31T13:18:31.013Z
205256195342538956 7959461343600086369 -8896829175984521255 7 315 0 2020-10-31T13:18:31.013Z
-6330096143304811780 7959461343600086369 -7693453873557714722 16 309 0 2020-10-31T13:18:31.013Z
3900928305368735620 -8621398681052778661 7959461343600086369 14 303 0 2020-10-31T13:18:31.013Z
6378980766336789195 7959461343600086369 -8621398681052778661 7 302 0 2020-10-31T13:18:31.013Z
6364203498604190074 2403568547242862656 7959461343600086369 3 301 0 2020-10-31T13:18:31.013Z
7393495764403195491 2403568547242862656 -6417604546300035199 7 299 0 2020-10-31T13:18:31.013Z
-5351238552631064740 689102468086756431 2403568547242862656 14 296 0 2020-10-31T13:18:31.013Z
9172203071668344729 2403568547242862656 -977640587370066893 7 295 0 2020-10-31T13:18:31.013Z
2575026770635163914 7959461343600086369 -5557501617987847018 7 313 0 2020-10-31T13:18:31.013Z
3720901572117894205 2403568547242862656 6197513436257750269 7 293 0 2020-10-31T13:18:31.013Z
-1767244465762032855 2403568547242862656 -6024031315157243476 7 287 0 2020-10-31T13:18:31.013Z
-2122060139271246315 -3368391414335432693 2403568547242862656 14 286 0 2020-10-31T13:18:31.013Z
-6723195939814994445 2403568547242862656 3862227405757714709 7 285 0 2020-10-31T13:18:31.013Z
5962390678638478970 2403568547242862656 2746809649310451257 7 283 0 2020-10-31T13:18:31.013Z
-7824314594256989689 -4321368863675514463 2403568547242862656 14 282 0 2020-10-31T13:18:31.013Z
-7545329202929364056 6613634759633322494 2403568547242862656 14 288 0 2020-10-31T13:18:31.013Z
-242575650788034608 2403568547242862656 980025557989760103 7 281 0 2020-10-31T13:18:31.013Z
1367942846576428193 2403568547242862656 6613634759633322494 7 279 0 2020-10-31T13:18:31.013Z
1448080198193680412 2403568547242862656 5823373636445420698 7 277 0 2020-10-31T13:18:31.013Z
5519791411141234196 4691985557983598619 2403568547242862656 14 276 0 2020-10-31T13:18:31.013Z
4042177827206236218 2403568547242862656 -6189062650317148338 7 269 0 2020-10-31T13:18:31.013Z
-3041846430785887095 2403568547242862656 7829532258151718976 7 267 0 2020-10-31T13:18:31.013Z
1920032738502150807 2403568547242862656 -5135464293371810198 7 163 0 2020-10-31T13:18:31.013Z
-8647333116217476569 2403568547242862656 -8309903864077270121 7 155 0 2020-10-31T13:18:31.013Z
3033772947709967677 2403568547242862656 5569147102080187892 7 111 0 2020-10-31T13:18:31.013Z
-2533455810636524335 2403568547242862656 -7852097286033638279 7 173 0 2020-10-31T13:18:31.013Z
874851038417386449 2403568547242862656 -7626147272068525191 7 199 0 2020-10-31T13:18:31.013Z
-8437310461251322238 2403568547242862656 -7829420694930975369 7 169 0 2020-10-31T13:18:31.013Z
-937924906075762132 2403568547242862656 -3368391414335432693 7 185 0 2020-10-31T13:18:31.013Z
5936006150031944354 2403568547242862656 -574058792051504207 7 275 0 2020-10-31T13:18:31.013Z
-5294757802250864453 2403568547242862656 1884887424968065058 7 189 0 2020-10-31T13:18:31.013Z
7204401625485572742 2403568547242862656 -6063433380422776457 7 165 0 2020-10-31T13:18:31.013Z
-4630043094238949731 2403568547242862656 4306936867544283353 7 183 0 2020-10-31T13:18:31.013Z
921251752763143515 2403568547242862656 4707315620909343304 7 157 0 2020-10-31T13:18:31.013Z
-7758550443896865892 2403568547242862656 904744579702558901 7 151 0 2020-10-31T13:18:31.013Z
5049587682586350499 2403568547242862656 4473707667523814788 7 289 0 2020-10-31T13:18:31.013Z
8082742216160346848 2403568547242862656 -4321368863675514463 7 167 0 2020-10-31T13:18:31.013Z
-8582865233619056964 2403568547242862656 -8537801788381044588 7 171 0 2020-10-31T13:18:31.013Z
-3408314299558107571 2403568547242862656 1526596631215174589 7 153 0 2020-10-31T13:18:31.013Z
-3845284530556761867 2403568547242862656 -3187920940761261090 7 223 0 2020-10-31T13:18:31.013Z
5147659258174504474 7959461343600086369 4310936219734382916 16 324 0 2020-10-31T13:18:31.013Z
-4583727242684559287 2403568547242862656 -6248440899098661684 7 149 0 2020-10-31T13:18:31.013Z
-5357430806934054910 2403568547242862656 -8017362975714141836 7 145 0 2020-10-31T13:18:31.013Z
4926826402588777488 2403568547242862656 -6476645120891436956 7 141 0 2020-10-31T13:18:31.013Z
1643709493707289513 -6722984174119174074 2403568547242862656 14 116 0 2020-10-31T13:18:31.013Z
5530641999562994912 2403568547242862656 -6722984174119174074 7 115 0 2020-10-31T13:18:31.013Z
-1311843853192817532 2403568547242862656 2119808430777318074 7 143 0 2020-10-31T13:18:31.013Z
-246496523235404170 2403568547242862656 -8128694923755548720 7 159 0 2020-10-31T13:18:31.013Z
4663418131019065221 -4557250093687152947 2403568547242862656 14 122 0 2020-10-31T13:18:31.013Z
-2382953379291056473 2403568547242862656 -5926562819243403443 7 203 0 2020-10-31T13:18:31.013Z
-1533482416318945170 7959461343600086369 1587582482614114686 7 385 0 2020-10-31T13:18:31.013Z
-8779453459118695327 2403568547242862656 7626162773454251138 7 201 0 2020-10-31T13:18:31.013Z
8752692820820672983 2403568547242862656 4691985557983598619 7 125 0 2020-10-31T13:18:31.013Z
5890144483089877600 2403568547242862656 -2936452260850732896 7 249 0 2020-10-31T13:18:31.013Z
6980091374505552599 2403568547242862656 -2367084756761487476 7 127 0 2020-10-31T13:18:31.013Z
-4886335843503842168 2403568547242862656 -5351488959624375283 7 215 0 2020-10-31T13:18:31.013Z
-1238021132241775712 2403568547242862656 -840468206558416647 7 291 0 2020-10-31T13:18:31.013Z
7875835798610728719 2403568547242862656 -8904130173384254205 7 117 0 2020-10-31T13:18:31.013Z
-9194820801842078285 8336084328629693116 2403568547242862656 14 158 0 2020-10-31T13:18:31.013Z
-3807497549455461998 2403568547242862656 5334575190759949790 7 113 0 2020-10-31T13:18:31.013Z
-1547684715182271643 -1955869971881756184 7959461343600086369 14 382 0 2020-10-31T13:18:31.013Z
1212060025538610458 2403568547242862656 -1955869971881756184 7 103 0 2020-10-31T13:18:31.013Z
-1228887487659437906 2403568547242862656 -4419202093950616505 7 133 0 2020-10-31T13:18:31.013Z
-7275443837860310538 2403568547242862656 -6250172227387822571 7 209 0 2020-10-31T13:18:31.013Z
336665394180417243 2403568547242862656 3970928914842338733 7 175 0 2020-10-31T13:18:31.013Z
-1978697174125752868 2403568547242862656 7471523821232328745 7 107 0 2020-10-31T13:18:31.013Z
5514998260626371843 2403568547242862656 -5941216187292916705 7 139 0 2020-10-31T13:18:31.013Z
-4748470351253211697 2403568547242862656 -5702358026291101760 7 135 0 2020-10-31T13:18:31.013Z
-2157955393617684821 2403568547242862656 3605141514485197090 7 237 0 2020-10-31T13:18:31.013Z
7522665738826187523 2403568547242862656 54150225966925643 7 147 0 2020-10-31T13:18:31.013Z
-2597978201223536828 2403568547242862656 858416802163779463 7 105 0 2020-10-31T13:18:31.013Z
-1404965002650678427 7959461343600086369 -4076192316611933582 7 371 0 2020-10-31T13:18:31.013Z
-5766559495770713776 2403568547242862656 -3519307060233529630 7 227 0 2020-10-31T13:18:31.013Z
6741985077673302500 2403568547242862656 3502247508244079323 7 101 0 2020-10-31T13:18:31.013Z
4847983453665192613 2403568547242862656 689102468086756431 7 109 0 2020-10-31T13:18:31.013Z
-7686846791089705619 5569147102080187892 2403568547242862656 14 118 0 2020-10-31T13:18:31.013Z
7924408666402722351 2403568547242862656 235397800206857811 7 181 0 2020-10-31T13:18:31.013Z
8661075341243399470 -6476645120891436956 2403568547242862656 14 146 0 2020-10-31T13:18:31.013Z
-2031232305602126511 2403568547242862656 -6463452646076061931 7 137 0 2020-10-31T13:18:31.013Z
4140039223871485352 -7829420694930975369 7959461343600086369 14 381 0 2020-10-31T13:18:31.013Z
-4378602878655813837 2403568547242862656 -4557250093687152947 7 119 0 2020-10-31T13:18:31.013Z
-5107547454736712100 7959461343600086369 5899516494984699438 7 357 0 2020-10-31T13:18:31.013Z
1703187824562139535 2403568547242862656 2094182649280268209 7 123 0 2020-10-31T13:18:31.013Z
6143219011569495681 2403568547242862656 7422054664126138325 7 161 0 2020-10-31T13:18:31.013Z
8104211111198980836 3502247508244079323 2403568547242862656 14 248 0 2020-10-31T13:18:31.013Z
4885047327209214644 -8309903864077270121 2403568547242862656 14 252 0 2020-10-31T13:18:31.013Z
-8680530097804289730 2403568547242862656 8336084328629693116 7 129 0 2020-10-31T13:18:31.013Z
3491759021867272018 7959461343600086369 8879561839860320972 16 351 0 2020-10-31T13:18:31.013Z
-7693936052474202334 2403568547242862656 -1390037201470673134 7 205 0 2020-10-31T13:18:31.013Z
-1185805309334487517 2403568547242862656 -3609799886383902693 7 121 0 2020-10-31T13:18:31.013Z
8698815984385705324 2403568547242862656 1649284475456881747 7 191 0 2020-10-31T13:18:31.013Z
-8150925785945521224 2403568547242862656 4450132134749092185 7 131 0 2020-10-31T13:18:31.013Z
-2491545216780162010 4450132134749092185 2403568547242862656 14 132 0 2020-10-31T13:18:31.013Z
6918681128413419447 7959461343600086369 -7693453873557714722 16 306 0 2020-10-31T13:18:31.013Z
-2500266547868288 2403568547242862656 -419780222912014584 7 207 0 2020-10-31T13:18:31.013Z
-8202039348689087805 2403568547242862656 -1883804970665214568 7 211 0 2020-10-31T13:18:31.013Z
-6899832062882526890 2403568547242862656 -1282138088097714214 7 187 0 2020-10-31T13:18:31.013Z
-4398959885271782911 -1982168724956451449 2403568547242862656 14 244 0 2020-10-31T13:18:31.013Z
8946891360712577237 -6063433380422776457 2403568547242862656 14 188 0 2020-10-31T13:18:31.013Z
313418893539209863 2403568547242862656 -7507051988378028907 7 273 0 2020-10-31T13:18:31.013Z
-9034729637150461136 2403568547242862656 -1982168724956451449 7 193 0 2020-10-31T13:18:31.013Z
1115654649134026829 2403568547242862656 7745266165583256942 7 263 0 2020-10-31T13:18:31.013Z
2820451932643306495 2403568547242862656 5579826217445929196 7 195 0 2020-10-31T13:18:31.013Z
-466310459499460200 7959461343600086369 9177763642112666516 7 311 0 2020-10-31T13:18:31.013Z
-8561552264632316871 -8128694923755548720 2403568547242862656 14 210 0 2020-10-31T13:18:31.013Z
6524410908569736625 2403568547242862656 8966204023276284888 7 197 0 2020-10-31T13:18:31.013Z
-3209466590064372514 1526596631215174589 2403568547242862656 14 212 0 2020-10-31T13:18:31.013Z
-1525626803312438898 2403568547242862656 2318754894169374742 7 213 0 2020-10-31T13:18:31.013Z
-3695808923447176825 2403568547242862656 3173205826839407479 7 217 0 2020-10-31T13:18:31.013Z
-8265479062855029366 -6189062650317148338 2403568547242862656 14 272 0 2020-10-31T13:18:31.013Z
-3553942484245397394 2403568547242862656 4524737837374838547 7 243 0 2020-10-31T13:18:31.013Z
175455246865097422 2403568547242862656 6182870871486941679 7 245 0 2020-10-31T13:18:31.013Z
3403557126812813167 2403568547242862656 4811759488476407983 7 177 0 2020-10-31T13:18:31.013Z
1763670951694308797 2403568547242862656 8706717564262335637 7 219 0 2020-10-31T13:18:31.013Z
-2968683318730948176 -5351488959624375283 2403568547242862656 14 292 0 2020-10-31T13:18:31.013Z
-6614577047124040387 4811759488476407983 2403568547242862656 14 184 0 2020-10-31T13:18:31.013Z
-6203643426020828797 2403568547242862656 -966159244681413640 7 221 0 2020-10-31T13:18:31.013Z
-9084300318471748413 2403568547242862656 7137072755947932224 7 225 0 2020-10-31T13:18:31.013Z
-3380214996569521591 1884887424968065058 2403568547242862656 14 192 0 2020-10-31T13:18:31.013Z
2573000961079970870 2403568547242862656 8764563348066666087 7 229 0 2020-10-31T13:18:31.013Z
-5553317500900459520 2403568547242862656 -1586114440433006080 7 231 0 2020-10-31T13:18:31.013Z
5414301443380203405 2403568547242862656 5273164291986674270 7 297 0 2020-10-31T13:18:31.013Z
-3286886982873966815 2403568547242862656 -6211243601141303906 7 271 0 2020-10-31T13:18:31.013Z
2892217386503222398 2094182649280268209 2403568547242862656 14 232 0 2020-10-31T13:18:31.013Z
608943656748640216 2403568547242862656 8799131248853344429 7 233 0 2020-10-31T13:18:31.013Z
-6535590929856185912 2403568547242862656 -5044083763461832432 7 179 0 2020-10-31T13:18:31.013Z
3149615595757847156 2403568547242862656 4929946042712217301 7 235 0 2020-10-31T13:18:31.013Z
6640795569729010983 2403568547242862656 4045422170507469845 7 239 0 2020-10-31T13:18:31.013Z
600178008489320780 2403568547242862656 1165591466097087147 7 241 0 2020-10-31T13:18:31.013Z
6650842181038152016 7959461343600086369 -4738169215301433094 16 342 0 2020-10-31T13:18:31.013Z
-1712115008122518086 2403568547242862656 -4283142760151437131 7 261 0 2020-10-31T13:18:31.013Z
5572522172477367915 2403568547242862656 -2444910292132831033 7 247 0 2020-10-31T13:18:31.013Z
4961978292327070410 7959461343600086369 -4738169215301433094 16 336 0 2020-10-31T13:18:31.013Z
-5752844819112471760 2403568547242862656 6998081713827488082 7 251 0 2020-10-31T13:18:31.013Z
223236375762101720 2403568547242862656 4477806978927575247 7 253 0 2020-10-31T13:18:31.013Z
4642170872895648845 2403568547242862656 2404097345027076070 7 265 0 2020-10-31T13:18:31.013Z
3535439354013314749 2403568547242862656 -4307053642547476270 7 255 0 2020-10-31T13:18:31.013Z
-2527051667343215821 7959461343600086369 -4738169215301433094 16 339 0 2020-10-31T13:18:31.013Z
2144812428758395496 2403568547242862656 6294035510833265512 7 257 0 2020-10-31T13:18:31.013Z
6407999539910785362 2403568547242862656 6407818979187759446 7 259 0 2020-10-31T13:18:31.013Z
