137
7959461343600086369 0
-1809581961350450110 1
2403568547242862656 2
3749784207781554720 3
7320400160211605401 4
7685531398648824972 5
7338065699624268277 6
5091531099454493674 7
4270303748944146355 8
3092978643625585728 9
-5342348570234697358 10
-6236749620428395691 11
1413835382339627648 12
-7065095552428948216 13
-2113865883900831630 14
6794511879631153064 15
5899516494984699438 16
8672497442919069513 17
3698028773807633784 18
454478236759602128 19
-5557501617987847018 20
9177763642112666516 21
-8621398681052778661 22
-6417604546300035199 23
5273164291986674270 24
3173205826839407479 25
-1883804970665214568 26
4306936867544283353 27
4707315620909343304 28
7829532258151718976 29
-7852097286033638279 30
1587582482614114686 31
-8896829175984521255 32
-7829420694930975369 33
2119808430777318074 34
-5702358026291101760 35
7422054664126138325 36
1526596631215174589 37
-6248440899098661684 38
54150225966925643 39
2746809649310451257 40
-6024031315157243476 41
7745266165583256942 42
-6189062650317148338 43
5334575190759949790 44
-4076192316611933582 45
-1955869971881756184 46
-4852504751172555735 47
-8309903864077270121 48
6182870871486941679 49
-6063433380422776457 50
5569147102080187892 51
4811759488476407983 52
-4419202093950616505 53
-8128694923755548720 54
-5135464293371810198 55
7626162773454251138 56
-3187920940761261090 57
689102468086756431 58
4691985557983598619 59
858416802163779463 60
-8537801788381044588 61
-4557250093687152947 62
8336084328629693116 63
-6722984174119174074 64
7471523821232328745 65
1649284475456881747 66
-1282138088097714214 67
3502247508244079323 68
-6476645120891436956 69
-4321368863675514463 70
-5941216187292916705 71
-1586114440433006080 72
-2367084756761487476 73
4450132134749092185 74
-6463452646076061931 75
-8017362975714141836 76
-6250172227387822571 77
5579826217445929196 78
-1982168724956451449 79
8966204023276284888 80
-1588928048638714666 81
6407818979187759446 82
-7626147272068525191 83
235397800206857811 84
-5926562819243403443 85
-840468206558416647 86
-1390037201470673134 87
-419780222912014584 88
-3368391414335432693 89
980025557989760103 90
2318754894169374742 91
-5351488959624375283 92
-4307053642547476270 93
2404097345027076070 94
-2936452260850732896 95
8706717564262335637 96
-966159244681413640 97
7137072755947932224 98
-3519307060233529630 99
489111811641808336 100
1165591466097087147 101
-977640587370066893 102
-8904130173384254205 103
8764563348066666087 104
4929946042712217301 105
3605141514485197090 106
47237810126425776 107
3970928914842338733 108
4045422170507469845 109
-4283142760151437131 110
5823373636445420698 111
4524737837374838547 112
-5044083763461832432 113
-2444910292132831033 114
6998081713827488082 115
4477806978927575247 116
1884887424968065058 117
904744579702558901 118
6294035510833265512 119
-6211243601141303906 120
-7507051988378028907 121
4077197751870837206 122
-574058792051504207 123
8799131248853344429 124
-3609799886383902693 125
6613634759633322494 126
3862227405757714709 127
2094182649280268209 128
4473707667523814788 129
6197513436257750269 130
-4738169215301433094 131
8879561839860320972 132
-7693453873557714722 133
-712738692925636089 134
5266519419271441343 135
4310936219734382916 136