29
0 10 100 12 122 13 14 107 15 81 47 135 131 134 136 11 17 18 135 19 32 133 22 20 136 31 45 16 132 133 21 131 131 131
18 0
94 0
22 0
2 0 23 102 130 41 127 40 90 126 111 43 29 55 48 51 30 83 33 89 123 117 50 27 28 118 129 70 61 37 57 38 76 69 64 34 54 85 56 59 95 73 92 86 103 44 46 53 77 108 65 71 35 106 39 60 99 68 58 84 75 62 128 36 63 87 125 66 74 88 26 67 121 79 42 78 80 91 25 112 49 52 96 97 98 104 72 24 120 124 113 105 109 101 110 114 115 116 94 93 119 82
58 2
89 2
70 2
126 2
59 2
64 2
62 2
63 2
46 0
51 2
69 2
33 0
68 2
48 2
74 2
79 2
50 2
54 2
37 2
43 2
92 2
52 2
117 2
128 2