161
0 10 7
0 100 7
0 12 7
0 122 7
0 13 7
0 14 7
0 107 7
0 15 7
0 81 7
0 47 7
0 135 16
0 131 16
0 134 16
0 136 16
0 11 7
0 17 7
18 0 14
0 18 7
0 135 16
94 0 14
0 19 7
0 32 7
0 133 16
22 0 14
0 22 7
2 0 3
2 23 7
58 2 14
2 102 7
0 20 7
2 130 7
2 41 7
89 2 14
2 127 7
2 40 7
70 2 14
126 2 14
2 90 7
2 126 7
2 111 7
59 2 14
2 43 7
2 29 7
2 55 7
2 48 7
2 51 7
2 30 7
2 83 7
2 33 7
2 89 7
2 123 7
2 117 7
2 50 7
2 27 7
2 28 7
2 118 7
2 129 7
2 70 7
2 61 7
2 37 7
2 57 7
0 136 16
2 38 7
2 76 7
2 69 7
64 2 14
2 64 7
2 34 7
2 54 7
62 2 14
2 85 7
0 31 7
2 56 7
2 59 7
2 95 7
2 73 7
2 92 7
2 86 7
2 103 7
63 2 14
2 44 7
46 0 14
2 46 7
2 53 7
2 77 7
2 108 7
2 65 7
2 71 7
2 35 7
2 106 7
2 39 7
2 60 7
0 45 7
2 99 7
2 68 7
2 58 7
51 2 14
2 84 7
69 2 14
2 75 7
33 0 14
2 62 7
0 16 7
2 128 7
2 36 7
68 2 14
48 2 14
2 63 7
0 132 16
2 87 7
2 125 7
2 66 7
2 74 7
74 2 14
0 133 16
2 88 7
2 26 7
2 67 7
79 2 14
50 2 14
2 121 7
2 79 7
2 42 7
2 78 7
0 21 7
54 2 14
2 80 7
37 2 14
2 91 7
2 25 7
43 2 14
2 112 7
2 49 7
2 52 7
2 96 7
92 2 14
52 2 14
2 97 7
2 98 7
117 2 14
2 104 7
2 72 7
2 24 7
2 120 7
128 2 14
2 124 7
2 113 7
2 105 7
2 109 7
2 101 7
0 131 16
2 110 7
2 114 7
0 131 16
2 115 7
2 116 7
2 94 7
2 93 7
0 131 16
2 119 7
2 82 7