146
-4479298999436330502 5334575190759949790 2403568547242862656 14 389 0 2020-10-31T13:18:31.013Z
4936719981214652041 -3081995011797582793 -1588928048638714666 7 376 0 2020-10-31T13:18:31.013Z
232629632388393013 -3081995011797582793 -5342348570234697358 7 372 0 2020-10-31T13:18:31.013Z
-3021904422921344801 -3081995011797582793 4077197751870837206 7 363 0 2020-10-31T13:18:31.013Z
8161741461516828741 -3081995011797582793 -4076192316611933582 7 361 0 2020-10-31T13:18:31.013Z
2651284190084540515 -3081995011797582793 1587582482614114686 7 355 0 2020-10-31T13:18:31.013Z
4516619435380445334 -3081995011797582793 -3167685823249639775 7 351 0 2020-10-31T13:18:31.013Z
-8823546694771918212 -3081995011797582793 9177763642112666516 7 349 0 2020-10-31T13:18:31.013Z
-7043597944286455582 -3081995011797582793 8879561839860320972 16 345 0 2020-10-31T13:18:31.013Z
-5586946203755406591 -3081995011797582793 -4738169215301433094 16 340 0 2020-10-31T13:18:31.013Z
-5244579258966012706 -3081995011797582793 -4738169215301433094 16 334 0 2020-10-31T13:18:31.013Z
4793644440902637177 -3081995011797582793 2240935340839485204 16 331 0 2020-10-31T13:18:31.013Z
2027833992903627004 -3081995011797582793 -4738169215301433094 16 328 0 2020-10-31T13:18:31.013Z
-9030831926029125392 -3081995011797582793 3698028773807633784 7 313 0 2020-10-31T13:18:31.013Z
5449892424801192207 -3081995011797582793 -1574809442255367842 16 311 0 2020-10-31T13:18:31.013Z
6127419269082485373 -3081995011797582793 4399536314641524787 16 308 0 2020-10-31T13:18:31.013Z
-753137490929169847 19677759968150775 2403568547242862656 14 304 0 2020-10-31T13:18:31.013Z
-1979017077786699757 2403568547242862656 19677759968150775 7 303 0 2020-10-31T13:18:31.013Z
-4914940650956599409 2403568547242862656 -5044083763461832432 7 296 0 2020-10-31T13:18:31.013Z
-7467395505602059316 2403568547242862656 -3081995011797582793 3 288 0 2020-10-31T13:18:31.013Z
-6058262641866375084 -3081995011797582793 -4852504751172555735 7 342 0 2020-10-31T13:18:31.013Z
1091006940818015519 2403568547242862656 -7852097286033638279 7 286 0 2020-10-31T13:18:31.013Z
-1661748470895734994 2403568547242862656 209399219974535491 7 284 0 2020-10-31T13:18:31.013Z
-2091942253066382042 2403568547242862656 -8537801788381044588 7 280 0 2020-10-31T13:18:31.013Z
-3893762234377815276 -3081995011797582793 -6236749620428395691 7 374 0 2020-10-31T13:18:31.013Z
3520417176742986560 -2367084756761487476 2403568547242862656 14 279 0 2020-10-31T13:18:31.013Z
-7614006425046930725 2403568547242862656 -4321368863675514463 7 278 0 2020-10-31T13:18:31.013Z
3209959142915329605 -3081995011797582793 47237810126425776 7 357 0 2020-10-31T13:18:31.013Z
-6518991295848891094 671267710252338689 235397800206857811 7 180 0 2020-10-31T13:18:31.013Z
8396766008525318462 671267710252338689 -5918715275471245058 7 172 0 2020-10-31T13:18:31.013Z
-3376282594883089084 -3081995011797582793 -8621398681052778661 7 347 0 2020-10-31T13:18:31.013Z
-744307789627674107 671267710252338689 5391199242589863101 7 164 0 2020-10-31T13:18:31.013Z
-1242090850538056520 671267710252338689 2939533551049550842 7 162 0 2020-10-31T13:18:31.013Z
-1603667288976159823 2403568547242862656 7422054664126138325 7 272 0 2020-10-31T13:18:31.013Z
-7984192554906014035 2403568547242862656 -8309903864077270121 7 266 0 2020-10-31T13:18:31.013Z
-1988201940887659320 2403568547242862656 -8128694923755548720 7 270 0 2020-10-31T13:18:31.013Z
-3643457760723604663 2403568547242862656 4811759488476407983 7 298 0 2020-10-31T13:18:31.013Z
-1147015391184560817 671267710252338689 -5607472236520618281 7 156 0 2020-10-31T13:18:31.013Z
-4983024695326006723 -6248440899098661684 2403568547242862656 14 267 0 2020-10-31T13:18:31.013Z
-4030224893132243963 -3081995011797582793 410262315618359978 16 322 0 2020-10-31T13:18:31.013Z
8168207160308528709 2403568547242862656 -3641413648105655155 7 226 0 2020-10-31T13:18:31.013Z
-2471119725611968323 671267710252338689 6768496858987901681 7 148 0 2020-10-31T13:18:31.013Z
-536809978695286152 2403568547242862656 5334575190759949790 7 194 0 2020-10-31T13:18:31.013Z
-550202123685339260 2403568547242862656 -6722984174119174074 7 200 0 2020-10-31T13:18:31.013Z
956042170225768214 671267710252338689 2919063568932064543 7 146 0 2020-10-31T13:18:31.013Z
6693129259438352101 2403568547242862656 8132338719042006921 7 196 0 2020-10-31T13:18:31.013Z
-1491295203712183187 -3081995011797582793 489111811641808336 7 379 0 2020-10-31T13:18:31.013Z
3487612940715313451 2403568547242862656 54150225966925643 7 252 0 2020-10-31T13:18:31.013Z
-4965499638786038957 -3081995011797582793 -4738169215301433094 16 337 0 2020-10-31T13:18:31.013Z
-1630401441531287269 671267710252338689 4421933598257653733 7 170 0 2020-10-31T13:18:31.013Z
4944382440028628712 9076100620178853818 2403568547242862656 14 255 0 2020-10-31T13:18:31.013Z
-8868115104485549719 -1019503915479404526 671267710252338689 14 143 0 2020-10-31T13:18:31.013Z
5464584996366454383 671267710252338689 -4718299204096318051 7 150 0 2020-10-31T13:18:31.013Z
-4452490607044752303 671267710252338689 -3351618057415926233 7 114 0 2020-10-31T13:18:31.013Z
8272236608258587905 2403568547242862656 -6463452646076061931 7 238 0 2020-10-31T13:18:31.013Z
-3987054440129199118 2403568547242862656 904744579702558901 7 260 0 2020-10-31T13:18:31.013Z
-8619499228702025963 671267710252338689 1797207725431666440 7 174 0 2020-10-31T13:18:31.013Z
3448548801234673915 -3081995011797582793 -654361651002057823 16 290 0 2020-10-31T13:18:31.013Z
-5058835752965765609 2403568547242862656 -6063433380422776457 7 276 0 2020-10-31T13:18:31.013Z
-4517465321786381714 671267710252338689 -8201730382007962612 7 136 0 2020-10-31T13:18:31.013Z
3186689221123385093 2403568547242862656 -2367084756761487476 7 220 0 2020-10-31T13:18:31.013Z
1784759142654987124 671267710252338689 -5339934790452492687 7 122 0 2020-10-31T13:18:31.013Z
5347623317349578591 2939533551049550842 671267710252338689 14 175 0 2020-10-31T13:18:31.013Z
5028923077291905789 7422054664126138325 2403568547242862656 14 300 0 2020-10-31T13:18:31.013Z
3834288331044798693 671267710252338689 6567847603917078025 7 142 0 2020-10-31T13:18:31.013Z
3116555147007758964 -5339934790452492687 671267710252338689 14 173 0 2020-10-31T13:18:31.013Z
7406792311500614167 2403568547242862656 -378732520617690506 7 212 0 2020-10-31T13:18:31.013Z
-1303013252990227325 671267710252338689 -5347630804365141791 7 112 0 2020-10-31T13:18:31.013Z
-844925054229604812 1526596631215174589 2403568547242862656 14 297 0 2020-10-31T13:18:31.013Z
-2587338736978416135 2403568547242862656 3502247508244079323 7 130 0 2020-10-31T13:18:31.013Z
-2504015348662691126 2403568547242862656 1064876468276199675 7 210 0 2020-10-31T13:18:31.013Z
9213668335773512458 -3081995011797582793 5899516494984699438 7 292 0 2020-10-31T13:18:31.013Z
2882164799338045619 2403568547242862656 -3609799886383902693 7 214 0 2020-10-31T13:18:31.013Z
5419083907025871525 2403568547242862656 -7829420694930975369 7 282 0 2020-10-31T13:18:31.013Z
-8189352500176283852 671267710252338689 53358170439181301 7 160 0 2020-10-31T13:18:31.013Z
8384115004111528606 671267710252338689 -52065943941305456 7 126 0 2020-10-31T13:18:31.013Z
8867142368739833774 -3081995011797582793 9132997646818288996 7 353 0 2020-10-31T13:18:31.013Z
6143207578521391937 671267710252338689 1078343031347006703 7 140 0 2020-10-31T13:18:31.013Z
670493238753879519 671267710252338689 6863090233243598049 7 118 0 2020-10-31T13:18:31.013Z
-4769631925842161982 671267710252338689 33543872930399981 7 98 0 2020-10-31T13:18:31.013Z
6907977553038003593 671267710252338689 -6516347108950381644 7 166 0 2020-10-31T13:18:31.013Z
4690274448436094848 671267710252338689 230528211437571398 7 128 0 2020-10-31T13:18:31.013Z
3105816794132817351 2403568547242862656 4707315620909343304 7 268 0 2020-10-31T13:18:31.013Z
-300930066736821504 -3081995011797582793 2240935340839485204 16 319 0 2020-10-31T13:18:31.013Z
-8772626711834021944 671267710252338689 -5284950212864717804 7 176 0 2020-10-31T13:18:31.013Z
2855059789201884544 671267710252338689 -6189247508234069039 7 104 0 2020-10-31T13:18:31.013Z
-1912880065032129138 2403568547242862656 3970928914842338733 7 294 0 2020-10-31T13:18:31.013Z
-8915760490306280730 671267710252338689 -2008080549993596259 7 168 0 2020-10-31T13:18:31.013Z
3719463478695336180 671267710252338689 5430746352589453215 7 108 0 2020-10-31T13:18:31.013Z
8149659580321571349 2403568547242862656 2119808430777318074 7 248 0 2020-10-31T13:18:31.013Z
-1857258982142459138 671267710252338689 -2865802637622068918 7 116 0 2020-10-31T13:18:31.013Z
8954526603137214654 671267710252338689 -5277407848227421157 7 120 0 2020-10-31T13:18:31.013Z
-2295076885539721534 2403568547242862656 -6248440899098661684 7 256 0 2020-10-31T13:18:31.013Z
574017283150668333 2403568547242862656 -5135464293371810198 7 274 0 2020-10-31T13:18:31.013Z
2998606479130465898 858416802163779463 2403568547242862656 14 275 0 2020-10-31T13:18:31.013Z
-8744073833179774161 671267710252338689 4306936867544283353 7 182 0 2020-10-31T13:18:31.013Z
5089182197303901790 671267710252338689 8702361939818262634 7 100 0 2020-10-31T13:18:31.013Z
2303251897207652220 671267710252338689 -4940485295816386405 7 138 0 2020-10-31T13:18:31.013Z
6987548296062648401 2403568547242862656 -8017362975714141836 7 250 0 2020-10-31T13:18:31.013Z
6401191363948568636 -3081995011797582793 6794511879631153064 7 365 0 2020-10-31T13:18:31.013Z
4553604075222062798 2403568547242862656 3268549485702156145 7 198 0 2020-10-31T13:18:31.013Z
2923333468420525897 671267710252338689 3704645306837423393 7 124 0 2020-10-31T13:18:31.013Z
8955672707022118957 2403568547242862656 -1955869971881756184 7 132 0 2020-10-31T13:18:31.013Z
3754181491989563360 2403568547242862656 -8546493061319249693 7 262 0 2020-10-31T13:18:31.013Z
7894435856192394307 -3081995011797582793 1413835382339627648 7 368 0 2020-10-31T13:18:31.013Z
8427561258789483046 671267710252338689 -3054882673652493037 7 178 0 2020-10-31T13:18:31.013Z
3881380907848716153 671267710252338689 5563922410212355046 7 134 0 2020-10-31T13:18:31.013Z
1865356841295506574 671267710252338689 -3960392572917493892 7 144 0 2020-10-31T13:18:31.013Z
1143317007081829049 2403568547242862656 858416802163779463 7 184 0 2020-10-31T13:18:31.013Z
-9182838883822408893 2403568547242862656 4235998168740502648 7 186 0 2020-10-31T13:18:31.013Z
3253589304839587001 2403568547242862656 7471523821232328745 7 188 0 2020-10-31T13:18:31.013Z
9154224109341976023 2403568547242862656 -4419202093950616505 7 234 0 2020-10-31T13:18:31.013Z
7752871469391013121 2403568547242862656 -3679825434321700370 7 206 0 2020-10-31T13:18:31.013Z
5384482362494131513 7471523821232328745 2403568547242862656 14 243 0 2020-10-31T13:18:31.013Z
-3848617329116046206 7320400160211605401 -8896829175984521255 7 301 0 2020-10-31T13:18:31.013Z
-6927249508328093086 2403568547242862656 689102468086756431 7 190 0 2020-10-31T13:18:31.013Z
-2755175491006851505 2403568547242862656 5569147102080187892 7 192 0 2020-10-31T13:18:31.013Z
-2544593991131548555 671267710252338689 -1019503915479404526 7 102 0 2020-10-31T13:18:31.013Z
4552350855055352691 2403568547242862656 -3659996851848551552 7 240 0 2020-10-31T13:18:31.013Z
-6725065096783661454 -3081995011797582793 410262315618359978 16 325 0 2020-10-31T13:18:31.013Z
-1107181766199268539 2403568547242862656 -4557250093687152947 7 204 0 2020-10-31T13:18:31.013Z
-318591119321089637 2403568547242862656 2094182649280268209 7 208 0 2020-10-31T13:18:31.013Z
-6535926062778748681 2403568547242862656 4691985557983598619 7 216 0 2020-10-31T13:18:31.013Z
-2321497256767807286 671267710252338689 6906805735871151904 7 110 0 2020-10-31T13:18:31.013Z
403018891364841872 2403568547242862656 5635496527712843355 7 228 0 2020-10-31T13:18:31.013Z
4737605117740811112 671267710252338689 1761757434406227765 7 152 0 2020-10-31T13:18:31.013Z
1310890757638179219 5091531099454493674 454478236759602128 7 224 0 2020-10-31T13:18:31.013Z
-2555862293968576129 2403568547242862656 8836186568894910676 7 218 0 2020-10-31T13:18:31.013Z
6217175214855755056 2403568547242862656 8336084328629693116 7 222 0 2020-10-31T13:18:31.013Z
4483901510253815178 671267710252338689 -3583264575620682706 7 154 0 2020-10-31T13:18:31.013Z
1298891062202611785 2403568547242862656 4528069384278443369 7 230 0 2020-10-31T13:18:31.013Z
-1146601752060510737 2403568547242862656 4450132134749092185 7 232 0 2020-10-31T13:18:31.013Z
6089784180319336373 2403568547242862656 -6476645120891436956 7 246 0 2020-10-31T13:18:31.013Z
5695573862358125577 -8904130173384254205 2403568547242862656 14 235 0 2020-10-31T13:18:31.013Z
-6365774283415757312 2403568547242862656 9076100620178853818 7 254 0 2020-10-31T13:18:31.013Z
8159307202684929863 -3081995011797582793 -7065095552428948216 7 359 0 2020-10-31T13:18:31.013Z
-646256715918596802 671267710252338689 -6181732547817060239 7 158 0 2020-10-31T13:18:31.013Z
-9097577676796763411 2403568547242862656 -8904130173384254205 7 202 0 2020-10-31T13:18:31.013Z
6771584366886210302 2403568547242862656 -6937831233113184293 7 242 0 2020-10-31T13:18:31.013Z
-6861642889645362866 2403568547242862656 -5702358026291101760 7 236 0 2020-10-31T13:18:31.013Z
4538756898289276861 2403568547242862656 -326106205668732827 7 244 0 2020-10-31T13:18:31.013Z
2219470610296306806 -3081995011797582793 -6284631908417189315 16 316 0 2020-10-31T13:18:31.013Z
6959018087028556573 -3641413648105655155 2403568547242862656 14 257 0 2020-10-31T13:18:31.013Z
-344255996532648249 671267710252338689 -1516571089354794836 7 106 0 2020-10-31T13:18:31.013Z
-3220097748925416279 2403568547242862656 -9115465618474098794 7 258 0 2020-10-31T13:18:31.013Z
5000616387641829923 2403568547242862656 1526596631215174589 7 264 0 2020-10-31T13:18:31.013Z
