153
3857377875813986013 0
-8304965162226473284 1
8174341926550788498 2
5948037690565813560 3
3805375453613253064 4
2403568547242862656 5
7320400160211605401 6
671267710252338689 7
-4820636639688578420 8
3749784207781554720 9
5091531099454493674 10
4270303748944146355 11
7338065699624268277 12
3679395317321293476 13
-3081995011797582793 14
-8669633433817962250 15
8986035903437902943 16
3092978643625585728 17
2633935999205218305 18
4720253191265240650 19
7685531398648824972 20
-6806480296806817791 21
-8637295183115851606 22
1460419749777472159 23
-1809581961350450110 24
5632816572667141058 25
-7274268894317544472 26
489111811641808336 27
-1588928048638714666 28
-6236749620428395691 29
-5342348570234697358 30
1413835382339627648 31
6794511879631153064 32
4077197751870837206 33
-7065095552428948216 34
-3167685823249639775 35
-8621398681052778661 36
3698028773807633784 37
4811759488476407983 38
-5044083763461832432 39
19677759968150775 40
53358170439181301 41
4306936867544283353 42
4707315620909343304 43
2939533551049550842 44
5391199242589863101 45
-9115465618474098794 46
-5702358026291101760 47
2119808430777318074 48
1587582482614114686 49
-8896829175984521255 50
-7829420694930975369 51
-3583264575620682706 52
1761757434406227765 53
-5607472236520618281 54
-6248440899098661684 55
-4718299204096318051 56
6768496858987901681 57
2919063568932064543 58
4235998168740502648 59
-3960392572917493892 60
-326106205668732827 61
9177763642112666516 62
6906805735871151904 63
-5284950212864717804 64
-3351618057415926233 65
1797207725431666440 66
-2008080549993596259 67
47237810126425776 68
3970928914842338733 69
-4940485295816386405 70
-6516347108950381644 71
8702361939818262634 72
4421933598257653733 73
-5339934790452492687 74
-8904130173384254205 75
9132997646818288996 76
-4419202093950616505 77
7471523821232328745 78
1078343031347006703 79
6863090233243598049 80
-8017362975714141836 81
5563922410212355046 82
-5277407848227421157 83
-3054882673652493037 84
454478236759602128 85
-5347630804365141791 86
230528211437571398 87
235397800206857811 88
-1516571089354794836 89
6567847603917078025 90
-3641413648105655155 91
5635496527712843355 92
5430746352589453215 93
-4076192316611933582 94
-1955869971881756184 95
5334575190759949790 96
-4852504751172555735 97
-8309903864077270121 98
5899516494984699438 99
8132338719042006921 100
-3609799886383902693 101
33543872930399981 102
-6722984174119174074 103
-4557250093687152947 104
-6189247508234069039 105
8336084328629693116 106
-3679825434321700370 107
-5918715275471245058 108
-1019503915479404526 109
-6181732547817060239 110
54150225966925643 111
-52065943941305456 112
2094182649280268209 113
1064876468276199675 114
-378732520617690506 115
-2865802637622068918 116
-3659996851848551552 117
-7852097286033638279 118
-8201730382007962612 119
858416802163779463 120
4691985557983598619 121
8836186568894910676 122
-2367084756761487476 123
4528069384278443369 124
4450132134749092185 125
-6463452646076061931 126
-6937831233113184293 127
689102468086756431 128
209399219974535491 129
3704645306837423393 130
9076100620178853818 131
904744579702558901 132
5569147102080187892 133
-8546493061319249693 134
1526596631215174589 135
7422054664126138325 136
-8128694923755548720 137
-5135464293371810198 138
-6063433380422776457 139
3502247508244079323 140
3268549485702156145 141
-6476645120891436956 142
-4321368863675514463 143
-8537801788381044588 144
8879561839860320972 145
2240935340839485204 146
4399536314641524787 147
-654361651002057823 148
-1574809442255367842 149
410262315618359978 150
-4738169215301433094 151
-6284631908417189315 152