19
96 5
14 28 30 33 94 49 35 62 145 151 151 146 151 37 149 147 97 29 68 36 150 27 151 148 99 76 146 32 31 150 34 152
40 5
5 40 39 14 118 129 144 143 136 98 137 38 91 96 103 100 111 126 132 139 123 115 140 114 101 51 43 69 48 55 138 81 141 95 134 120 59 78 77 107 128 133 117 104 113 121 92 122 106 124 125 142 131 75 127 47 61 46 135
123 5
7 88 108 45 44 54 57 58 73 56 65 66 119 74 90 86 41 112 79 80 102 71 87 64 105 67 93 116 83 42 72 70 130 84 82 60 109 63 53 52 110 89
55 5
131 5
109 7
44 7
136 5
74 7
135 5
120 5
78 5
6 50
10 85
75 5
91 5