146
96 5 14
14 28 7
14 30 7
14 33 7
14 94 7
14 49 7
14 35 7
14 62 7
14 145 16
14 151 16
14 151 16
14 146 16
14 151 16
14 37 7
14 149 16
14 147 16
40 5 14
5 40 7
5 39 7
5 14 3
14 97 7
5 118 7
5 129 7
5 144 7
14 29 7
123 5 14
5 143 7
14 68 7
7 88 7
7 108 7
14 36 7
7 45 7
7 44 7
5 136 7
5 98 7
5 137 7
5 38 7
7 54 7
55 5 14
14 150 16
5 91 7
7 57 7
5 96 7
5 103 7
7 58 7
5 100 7
14 27 7
5 111 7
14 151 16
7 73 7
131 5 14
109 7 14
7 56 7
7 65 7
5 126 7
5 132 7
7 66 7
14 148 16
5 139 7
7 119 7
5 123 7
7 74 7
44 7 14
136 5 14
7 90 7
74 7 14
5 115 7
7 86 7
135 5 14
5 140 7
5 114 7
14 99 7
5 101 7
5 51 7
7 41 7
7 112 7
14 76 7
7 79 7
7 80 7
7 102 7
7 71 7
7 87 7
5 43 7
14 146 16
7 64 7
7 105 7
5 69 7
7 67 7
7 93 7
5 48 7
7 116 7
7 83 7
5 55 7
5 138 7
120 5 14
7 42 7
7 72 7
7 70 7
5 81 7
14 32 7
5 141 7
7 130 7
5 95 7
5 134 7
14 31 7
7 84 7
7 82 7
7 60 7
5 120 7
5 59 7
5 78 7
5 77 7
5 107 7
78 5 14
6 50 7
5 128 7
5 133 7
7 109 7
5 117 7
14 150 16
5 104 7
5 113 7
5 121 7
7 63 7
5 92 7
7 53 7
10 85 7
5 122 7
5 106 7
7 52 7
5 124 7
5 125 7
5 142 7
75 5 14
5 131 7
14 34 7
7 110 7
5 75 7
5 127 7
5 47 7
5 61 7
14 152 16
91 5 14
7 89 7
5 46 7
5 135 7