99
7432993359071127983 8789474618804088335 -4741828807317675422 7 98 0 2020-10-31T13:18:31.013Z
-4904752125976509640 -9188862463128671122 8789474618804088335 14 97 0 2020-10-31T13:18:31.013Z
-6279128864628564329 8789474618804088335 2020355332500008396 7 43 0 2020-10-31T13:18:31.013Z
2533982170003132466 8789474618804088335 7367577331126461256 7 53 0 2020-10-31T13:18:31.013Z
3277880135384665155 8789474618804088335 3341721028872681098 7 57 0 2020-10-31T13:18:31.013Z
-5891831614029448597 8789474618804088335 -3666995836233375646 7 79 0 2020-10-31T13:18:31.013Z
-8019427375415238638 8789474618804088335 8789474618804088335 3 40 0 2020-10-31T13:18:31.013Z
-6501087320142275959 8789474618804088335 8789474618804088335 3 26 0 2020-10-31T13:18:31.013Z
-7082950032967106279 8789474618804088335 -3803861018242406225 7 41 0 2020-10-31T13:18:31.013Z
6558008229062269409 8789474618804088335 8789474618804088335 3 74 0 2020-10-31T13:18:31.013Z
599769708336379363 8789474618804088335 2498063656084554170 7 39 0 2020-10-31T13:18:31.013Z
-1894363298511821833 8789474618804088335 8789474618804088335 3 36 0 2020-10-31T13:18:31.013Z
904646618216997322 8789474618804088335 358417505832810297 7 37 0 2020-10-31T13:18:31.013Z
-903768760891110267 8789474618804088335 -6101067875370750050 7 9 0 2020-10-31T13:18:31.013Z
-331180538553715123 8789474618804088335 8789474618804088335 3 32 0 2020-10-31T13:18:31.013Z
3187883881543172056 8789474618804088335 -5568487227872489531 7 25 0 2020-10-31T13:18:31.013Z
-8492904341768936096 8789474618804088335 1592226955946754744 7 27 0 2020-10-31T13:18:31.013Z
8651136073863021113 8789474618804088335 8789474618804088335 3 34 0 2020-10-31T13:18:31.013Z
-2024033789851614427 8789474618804088335 6281088191278819618 7 85 0 2020-10-31T13:18:31.013Z
-6361261211400405889 8789474618804088335 4331570019043629339 7 23 0 2020-10-31T13:18:31.013Z
-7792657511069644605 8789474618804088335 608574164766393951 7 5 0 2020-10-31T13:18:31.013Z
-5539739101404796570 8789474618804088335 -7586389104166118008 7 29 0 2020-10-31T13:18:31.013Z
-6766467222683635671 8789474618804088335 8789474618804088335 3 14 0 2020-10-31T13:18:31.013Z
4648667569011187012 8789474618804088335 -8831876165731928408 7 65 0 2020-10-31T13:18:31.013Z
1405490212950338961 8789474618804088335 9205925740516531869 7 81 0 2020-10-31T13:18:31.013Z
9036906415513194305 8789474618804088335 5885709452182366729 7 21 0 2020-10-31T13:18:31.013Z
8467400308698105876 8789474618804088335 8789474618804088335 3 8 0 2020-10-31T13:18:31.013Z
5081292605479068317 8789474618804088335 8789474618804088335 3 6 0 2020-10-31T13:18:31.013Z
4558491008361252705 8789474618804088335 -1960327623929992205 7 45 0 2020-10-31T13:18:31.013Z
-2087109861606632324 8789474618804088335 266643623604323587 7 35 0 2020-10-31T13:18:31.013Z
4641572842303163271 8789474618804088335 -5911778006250222962 7 7 0 2020-10-31T13:18:31.013Z
-20438783573954641 8789474618804088335 8789474618804088335 3 20 0 2020-10-31T13:18:31.013Z
3750325664317794167 8789474618804088335 -1730503747409361005 7 3 0 2020-10-31T13:18:31.013Z
-1933084446121380539 8789474618804088335 8789474618804088335 3 44 0 2020-10-31T13:18:31.013Z
-7954072103654537435 8789474618804088335 8789474618804088335 3 52 0 2020-10-31T13:18:31.013Z
-2506725457059871809 8789474618804088335 8789474618804088335 3 24 0 2020-10-31T13:18:31.013Z
-1680800764880568805 8789474618804088335 8789474618804088335 3 22 0 2020-10-31T13:18:31.013Z
-6649701304928818106 8789474618804088335 8789474618804088335 3 4 0 2020-10-31T13:18:31.013Z
-5572635189577264010 8789474618804088335 8789474618804088335 3 84 0 2020-10-31T13:18:31.013Z
8912440614469991930 8789474618804088335 8789474618804088335 3 18 0 2020-10-31T13:18:31.013Z
-3833230133167288459 8789474618804088335 8789474618804088335 3 50 0 2020-10-31T13:18:31.013Z
-5413750658780899288 8789474618804088335 8789474618804088335 3 72 0 2020-10-31T13:18:31.013Z
3269306317919621724 2952512699036461704 8789474618804088335 3 2 0 2020-10-31T13:18:31.013Z
-8255047934372087956 -8964952486573412780 2952512699036461704 3 0 0 2020-10-31T13:18:31.013Z
6741469003735252557 8789474618804088335 8789474618804088335 3 42 0 2020-10-31T13:18:31.013Z
-3967319448880340127 8789474618804088335 8789474618804088335 3 10 0 2020-10-31T13:18:31.013Z
-6470564752836756872 8789474618804088335 8789474618804088335 3 12 0 2020-10-31T13:18:31.013Z
8509695534880539542 8789474618804088335 8789474618804088335 3 28 0 2020-10-31T13:18:31.013Z
-2288357777139681742 8789474618804088335 -3471230366490247443 7 47 0 2020-10-31T13:18:31.013Z
6051527921657085808 8789474618804088335 8789474618804088335 3 68 0 2020-10-31T13:18:31.013Z
-5037767543597329943 8789474618804088335 8789474618804088335 3 16 0 2020-10-31T13:18:31.013Z
1909414258589236889 8789474618804088335 8789474618804088335 3 46 0 2020-10-31T13:18:31.013Z
-6592269577212393239 8789474618804088335 -4272743986581486038 7 75 0 2020-10-31T13:18:31.013Z
-3703097975458198731 8789474618804088335 8789474618804088335 3 30 0 2020-10-31T13:18:31.013Z
-5692112275739632583 8789474618804088335 -9188911595501735611 7 11 0 2020-10-31T13:18:31.013Z
-1848610287367710662 8789474618804088335 -4560192579951783032 7 93 0 2020-10-31T13:18:31.013Z
4521259623312351691 8789474618804088335 -1710922865317330879 7 15 0 2020-10-31T13:18:31.013Z
6315739034329558401 8789474618804088335 8789474618804088335 3 62 0 2020-10-31T13:18:31.013Z
-7323608449681622407 8789474618804088335 4376089201506465481 7 19 0 2020-10-31T13:18:31.013Z
-5791572074122719826 8789474618804088335 8789474618804088335 3 88 0 2020-10-31T13:18:31.013Z
6400934785233650390 8789474618804088335 -4363534274070055809 7 83 0 2020-10-31T13:18:31.013Z
7554181394745099493 8789474618804088335 -1953513263884649990 7 55 0 2020-10-31T13:18:31.013Z
-3393549161045337089 8789474618804088335 8789474618804088335 3 56 0 2020-10-31T13:18:31.013Z
-7829760557841647094 8789474618804088335 8789474618804088335 3 58 0 2020-10-31T13:18:31.013Z
-9074951137469771325 8789474618804088335 8789474618804088335 3 80 0 2020-10-31T13:18:31.013Z
1844597857818206907 8789474618804088335 8789474618804088335 3 48 0 2020-10-31T13:18:31.013Z
-2690040664284432164 8789474618804088335 -6803579770464401333 7 59 0 2020-10-31T13:18:31.013Z
-1179631010493309209 8789474618804088335 8789474618804088335 3 60 0 2020-10-31T13:18:31.013Z
-3545702884913339329 8789474618804088335 3574059191831732759 7 77 0 2020-10-31T13:18:31.013Z
39882203429374872 8789474618804088335 -4757800846932610254 7 89 0 2020-10-31T13:18:31.013Z
-2310492500671853748 8789474618804088335 -4639701377338618094 7 61 0 2020-10-31T13:18:31.013Z
7035617219171593765 8789474618804088335 7231725348474740549 7 63 0 2020-10-31T13:18:31.013Z
-6893866699212253086 8789474618804088335 8789474618804088335 3 64 0 2020-10-31T13:18:31.013Z
-5550711883977097256 8789474618804088335 8789474618804088335 3 94 0 2020-10-31T13:18:31.013Z
8064330459070055735 8789474618804088335 8789474618804088335 3 66 0 2020-10-31T13:18:31.013Z
-6407614909431805233 8789474618804088335 8789474618804088335 3 38 0 2020-10-31T13:18:31.013Z
3405553786695435007 8789474618804088335 -378523954745854417 7 67 0 2020-10-31T13:18:31.013Z
1200462195856596674 8789474618804088335 5919515575080464185 7 69 0 2020-10-31T13:18:31.013Z
-5981783300608183760 8789474618804088335 -6849907880327641470 7 49 0 2020-10-31T13:18:31.013Z
-6591789690295528499 8789474618804088335 8789474618804088335 3 70 0 2020-10-31T13:18:31.013Z
-9092015059177804720 8789474618804088335 1899646679042355654 7 17 0 2020-10-31T13:18:31.013Z
-7397472769320252339 8789474618804088335 9154193054747815895 7 31 0 2020-10-31T13:18:31.013Z
-3549422378552025007 8789474618804088335 -2783410894318449489 7 71 0 2020-10-31T13:18:31.013Z
8672615602824354007 8789474618804088335 8789474618804088335 3 76 0 2020-10-31T13:18:31.013Z
5109767246653587733 8789474618804088335 6977851711196583676 7 33 0 2020-10-31T13:18:31.013Z
7513579741524568723 8789474618804088335 8789474618804088335 3 54 0 2020-10-31T13:18:31.013Z
-6400892423340694115 8789474618804088335 8789474618804088335 3 86 0 2020-10-31T13:18:31.013Z
-4341710589962713519 2952512699036461704 -4489133755804210264 7 1 0 2020-10-31T13:18:31.013Z
452632097996279683 8789474618804088335 8789474618804088335 3 92 0 2020-10-31T13:18:31.013Z
7461843739415298806 8789474618804088335 8789474618804088335 3 78 0 2020-10-31T13:18:31.013Z
-8657922995312166327 8789474618804088335 6372816738328468104 7 51 0 2020-10-31T13:18:31.013Z
8645278282913311969 8789474618804088335 8789474618804088335 3 82 0 2020-10-31T13:18:31.013Z
-3802018102898483371 8789474618804088335 -5679852486985335260 7 73 0 2020-10-31T13:18:31.013Z
6919524562368965116 8789474618804088335 8789474618804088335 3 90 0 2020-10-31T13:18:31.013Z
-2770143900883053598 8789474618804088335 921404387224230791 7 87 0 2020-10-31T13:18:31.013Z
4308016754191512136 8789474618804088335 7147965632590311918 7 13 0 2020-10-31T13:18:31.013Z
-7410461530883036157 8789474618804088335 -9188862463128671122 7 96 0 2020-10-31T13:18:31.013Z
3450702250253498372 8789474618804088335 -771483672095891313 7 91 0 2020-10-31T13:18:31.013Z
8874829474831273620 8789474618804088335 -4079265260475246975 3 95 0 2020-10-31T13:18:31.013Z
