53
8789474618804088335 0
-4079265260475246975 1
-8964952486573412780 2
2952512699036461704 3
-9188862463128671122 4
-1960327623929992205 5
-4741828807317675422 6
-3471230366490247443 7
358417505832810297 8
2020355332500008396 9
9154193054747815895 10
-3803861018242406225 11
1592226955946754744 12
-5911778006250222962 13
4331570019043629339 14
-8831876165731928408 15
-7586389104166118008 16
-5568487227872489531 17
6977851711196583676 18
7367577331126461256 19
-1730503747409361005 20
-6101067875370750050 21
-4489133755804210264 22
7147965632590311918 23
266643623604323587 24
-9188911595501735611 25
-1710922865317330879 26
-1953513263884649990 27
608574164766393951 28
9205925740516531869 29
3341721028872681098 30
-4363534274070055809 31
5885709452182366729 32
-2783410894318449489 33
-6803579770464401333 34
-4639701377338618094 35
7231725348474740549 36
-3666995836233375646 37
6372816738328468104 38
-378523954745854417 39
5919515575080464185 40
4376089201506465481 41
-5679852486985335260 42
2498063656084554170 43
-4272743986581486038 44
3574059191831732759 45
6281088191278819618 46
921404387224230791 47
-6849907880327641470 48
-4757800846932610254 49
-4560192579951783032 50
1899646679042355654 51
-771483672095891313 52