53
8789474618804088335 1
-4079265260475246975 1
-8964952486573412780 1
2952512699036461704 1
-9188862463128671122 2
-1960327623929992205 2
-4741828807317675422 2
-3471230366490247443 2
358417505832810297 2
2020355332500008396 2
9154193054747815895 2
-3803861018242406225 2
1592226955946754744 2
-5911778006250222962 2
4331570019043629339 2
-8831876165731928408 2
-7586389104166118008 2
-5568487227872489531 2
6977851711196583676 2
7367577331126461256 2
-1730503747409361005 2
-6101067875370750050 2
-4489133755804210264 2
7147965632590311918 2
266643623604323587 2
-9188911595501735611 2
-1710922865317330879 2
-1953513263884649990 2
608574164766393951 2
9205925740516531869 2
3341721028872681098 2
-4363534274070055809 2
5885709452182366729 2
-2783410894318449489 2
-6803579770464401333 2
-4639701377338618094 2
7231725348474740549 2
-3666995836233375646 2
6372816738328468104 2
-378523954745854417 2
5919515575080464185 2
4376089201506465481 2
-5679852486985335260 2
2498063656084554170 2
-4272743986581486038 2
3574059191831732759 2
6281088191278819618 2
921404387224230791 2
-6849907880327641470 2
-4757800846932610254 2
-4560192579951783032 2
1899646679042355654 2
-771483672095891313 2
